D1568_8_28_19_overnight_stability_006 263.03279289132604 6.4620451090113535 15.547575403026167 6.356303446396969 108.00028611487726 64.27326173465671 43.81876394688344 62.052089829489454
D1568_8_28_19_overnight_stability_007 263.8558717597824 6.170148065787961 15.382164290887097 6.220081005406038 117.75736497140534 82.85384759890198 43.96052621074815 81.39305263848793
D1568_8_28_19_overnight_stability_008 262.77661884769464 5.9364373476421495 14.74844563886783 6.128905488470965 110.97945611427261 548.4364900049255 44.076774565063424 550.0735188342126
D1568_8_28_19_overnight_stability_009 263.1725343709457 6.311807241342425 15.73844888878887 6.298479795362109 104.7032079891592 90.45410479724495 43.214453031999376 88.73528896111323
D1568_8_28_19_overnight_stability_010 262.8511221815352 6.361333235071158 15.318491408690791 6.341220974214402 122.81968194809568 107.75426580898845 47.03389161971212 103.85289176679521
D1568_8_28_19_overnight_stability_011 262.9828171312617 6.8963508619964475 16.136693812783438 6.6162004577584685 116.55530822431696 392.98622808712213 54.409741988139864 392.63007352889616
D1568_8_28_19_overnight_stability_012 263.1693610992481 6.579884312922408 16.339455845077058 6.421253440560793 112.9432626430491 58.6519031130306 43.16655436130619 55.37284889116759
D1568_8_28_19_overnight_stability_013 262.9241326692204 6.791458186434129 16.024933868954367 6.58510092942034 114.9792440792662 103.14153941614445 44.712148763461904 101.40227310603413
D1568_8_28_19_overnight_stability_014 263.5088941348918 5.75038873314555 15.632413921134447 6.016312681860061 126.69857472910608 111.88697807519083 44.08989837662298 110.54742749322152
D1568_8_28_19_overnight_stability_015 263.33190917323026 6.156769577739884 15.953395175879582 6.213538202852431 119.86913568381125 188.10808720417236 43.67198560757322 186.9248436036717
D1568_8_28_19_overnight_stability_016 264.13766237840235 7.094915157152283 15.965601668219806 6.727972635064913 121.41551988046255 829.4492417118087 55.98350511289071 830.5009325878009
D1568_8_28_19_overnight_stability_017 262.4589079439984 6.8340800502157615 17.178250860005594 6.5830132785833575 126.16843019768888 1369.1389103131976 52.04609544368041 1372.2026322512372
D1568_8_28_19_overnight_stability_018 262.22678770480866 8.100633934025153 17.0079908826327 7.451902995117466 108.86521828981718 563.9620698430831 73.72231269059075 562.2011610157623
D1568_8_28_19_overnight_stability_019 262.4419121315108 6.74064943236148 16.12364069939007 6.518295225320944 122.01234980545291 308.98590073060103 46.20799881572529 308.9550961291252
D1568_8_28_19_overnight_stability_020 262.8576358144462 6.252847689846991 15.9779106714842 6.230369862336383 117.9619266956838 49.7160997028043 42.328108237042606 47.323097614490656
D1568_8_28_19_overnight_stability_021 262.19059441227176 7.363506488213472 16.444964717675113 6.908416197007116 109.13050908989405 513.6296001307186 55.47145407889739 514.1778400433732
D1568_8_28_19_overnight_stability_022 262.3060645258022 8.34198063898626 17.517641945679717 7.506937152390087 102.88641462185382 3757.5615151427896 74.26752211002834 3765.402949114765
D1568_8_28_19_overnight_stability_023 262.7004062403999 8.4236363264403 17.48121656191889 7.564274168713167 106.60868751889404 651.3600925573785 67.07343148832345 650.7945915963724
D1568_8_28_19_overnight_stability_024 262.7753179868467 9.917037774200166 18.676511010867234 8.935067958188004 118.08325722846246 886.1568298314801 81.20533930949449 885.5537419948009
D1568_8_28_19_overnight_stability_025 262.576772639324 9.132516650658571 18.139678004717258 8.00446486270604 113.29156044871219 660.4715114719925 65.67777111318404 660.1656317474481
D1568_8_28_19_overnight_stability_026 261.9073059519972 7.998074286384131 17.337000306152976 7.204854413493705 113.26636842096299 337.7878584463479 52.84001339159554 336.4548163762729
D1568_8_28_19_overnight_stability_027 263.0324349563008 7.992332822772165 17.009253947296134 7.289129140006265 133.3927576160731 2133.377771260542 88.64425840387412 2137.4921573022366
D1568_8_28_19_overnight_stability_028 263.4107676995774 8.552619692512366 17.889344118822887 7.5881276973659455 57.736211476101765 13971.884402510972 124.15530285677535 14001.882302517652
D1568_8_28_19_overnight_stability_029 261.9803300531818 8.970975852796522 18.125624342522592 7.888463855448578 128.4484315596876 478.0393995256244 60.93476743849147 477.64106921541133
