D1568_8_28_19_overnight_stability_006 381.36064690026967 1265.1238578746418 585.1352380952378 806.0794534000049
D1568_8_28_19_overnight_stability_007 388.98113207547175 1296.0325420379536 572.6023809523809 816.1770449907552
D1568_8_28_19_overnight_stability_008 361.49568733153654 1365.2300928613658 611.7919047619047 862.9985629786268
D1568_8_28_19_overnight_stability_009 370.6962264150944 1240.2197169860083 543.2304761904763 789.4095355471064
D1568_8_28_19_overnight_stability_010 295.310242587601 1257.3483210830789 609.3957142857141 759.8061242655448
D1568_8_28_19_overnight_stability_011 349.109164420485 1178.4048470206094 671.3085714285712 732.179861184265
D1568_8_28_19_overnight_stability_012 307.85849056603774 1170.2880832132441 673.5166666666665 740.346389011402
D1568_8_28_19_overnight_stability_013 345.17816711590285 1144.2365205836506 607.3923809523809 743.1388143436776
D1568_8_28_19_overnight_stability_014 405.17547169811326 1333.6775819537154 782.3490476190475 816.7538456995959
D1568_8_28_19_overnight_stability_015 387.7199460916443 1244.3926275405984 751.2209523809526 828.7256978284612
D1568_8_28_19_overnight_stability_016 276.3921832884095 1127.1287605972389 567.9757142857142 735.4975809710631
D1568_8_28_19_overnight_stability_017 287.7080862533692 1069.3675955376161 533.2985714285712 700.9873829141021
D1568_8_28_19_overnight_stability_018 341.33962264150944 1021.5169874259838 498.8257142857141 630.018210560691
D1568_8_28_19_overnight_stability_019 288.85525606468985 1154.291209535763 627.5076190476191 735.4074923231879
D1568_8_28_19_overnight_stability_020 283.3641509433962 1220.2534640964448 658.5200000000001 808.7762716598454
D1568_8_28_19_overnight_stability_021 322.9382749326144 1095.6005975110834 435.10142857142876 713.1976290956238
D1568_8_28_19_overnight_stability_022 221.97331536388123 914.0609845041338 416.7814285714287 597.4360588978777
D1568_8_28_19_overnight_stability_023 289.9951482479783 935.0990149901393 465.3461904761904 592.9803760410974
D1568_8_28_19_overnight_stability_024 299.5137466307276 843.7916646896831 465.7304761904763 588.9553906248178
D1568_8_28_19_overnight_stability_025 209.93396226415098 870.7928552595577 362.90142857142877 598.2023192986514
D1568_8_28_19_overnight_stability_026 278.41805929919144 986.3678273040322 440.99190476190455 652.91228134547
D1568_8_28_19_overnight_stability_027 343.1881401617253 1011.0922173133923 521.6104761904762 624.2480071202876
D1568_8_28_19_overnight_stability_028 301.73072776280304 912.5425588733236 622.0690476190474 619.4781528169175
D1568_8_28_19_overnight_stability_029 241.47439353099728 853.7155542730198 587.9166666666666 566.0484705884785
D1568_8_28_19_overnight_stability_030 233.88167115902945 813.1605261479154 329.7300000000001 482.21288497232564
D1568_8_28_19_overnight_stability_031 258.85714285714266 810.0360906238731 450.7433333333333 544.063961425697
D1568_8_28_19_overnight_stability_032 312.1592991913746 798.7925312504418 466.01904761904746 483.52624888942626
D1568_8_28_19_overnight_stability_033 240.4708894878707 951.8575824005246 521.5980952380954 608.493549719957
D1568_8_28_19_overnight_stability_034 340.89676549865237 893.2657034279398 453.77000000000004 602.5587382985995
D1568_8_28_19_overnight_stability_035 228.40566037735843 912.6110809442868 501.0361904761904 618.5843622285087
D1568_8_28_19_overnight_stability_036 308.8107816711592 991.7461216086912 388.4104761904763 660.8669683243536
D1568_8_28_19_overnight_stability_037 314.9509433962264 1063.7511543345872 460.8 659.8706822805005
D1568_8_28_19_overnight_stability_038 395.47142857142853 1153.1857779605878 605.8790476190475 664.4660871014685
D1568_8_28_19_overnight_stability_039 354.0048517520217 1195.2704552659852 536.9085714285713 752.351449839894
D1568_8_28_19_overnight_stability_040 435.24636118598386 1357.973980323377 700.2409523809524 825.1960229766669
D1568_8_28_19_overnight_stability_041 390.88490566037734 1295.160597588479 696.8890476190475 853.1406545611803
D1568_8_28_19_overnight_stability_042 326.19568733153653 1161.3311492216021 636.41 811.447106450363
D1568_8_28_19_overnight_stability_043 322.7571428571427 1183.6096507223228 546.8485714285713 755.4833098783598
D1568_8_28_19_overnight_stability_044 357.4816711590297 1098.2392390507705 570.0309523809526 709.4645859199762
D1568_8_28_19_overnight_stability_045 320.5312668463613 1095.703680889781 442.48999999999995 630.9117555041539
D1568_8_28_19_overnight_stability_046 383.6762803234501 1307.1908556590147 563.2138095238095 795.9849768433558
D1568_8_28_19_overnight_stability_047 415.1611859838274 1225.3113852074978 603.6461904761903 782.1424193100173
D1568_8_28_19_overnight_stability_048 335.1361185983828 1096.189199660567 727.2095238095238 700.6900204073214
D1568_8_28_19_overnight_stability_049 348.9657681940701 1053.818678133508 579.6842857142857 673.5713238685977
D1568_8_28_19_overnight_stability_050 308.23342318059315 1020.7635056364926 394.017142857143 635.0979850310315
D1568_8_28_19_overnight_stability_051 316.41859838274934 978.8430784877169 579.3514285714286 600.0611173475423
D1568_8_28_19_overnight_stability_052 260.2706199460916 1016.6419628005119 484.72 648.7157951933445
D1568_8_28_19_overnight_stability_053 334.58625336927213 1072.402822709127 681.9352380952381 659.5870079096272
D1568_8_28_19_overnight_stability_054 262.4293800539084 969.8338880128899 507.04 651.0435922936855
D1568_8_28_19_overnight_stability_055 214.156873315364 897.57545504592 433.2399999999999 552.8182809326528
