D1568_8_28_19_overnight_stability_006 2114.878571428572 2685.340150241678 1217.0785714285714 812.0603695702251
D1568_8_28_19_overnight_stability_007 2195.375 2726.71790517006 1200.3928571428569 836.5657370451884
D1568_8_28_19_overnight_stability_008 2257.880357142858 2876.1387777007126 1272.4071428571428 888.6083929782728
D1568_8_28_19_overnight_stability_009 2052.5125 2645.3771824342457 1157.6785714285718 798.006009740298
D1568_8_28_19_overnight_stability_010 2038.7357142857138 2654.9977066845086 1168.8714285714284 815.407546655571
D1568_8_28_19_overnight_stability_011 1980.2589285714282 2480.8082961695673 1228.4642857142858 765.5517962921401
D1568_8_28_19_overnight_stability_012 1897.4 2492.229998415074 1246.0357142857142 769.5250428554177
D1568_8_28_19_overnight_stability_013 1903.7857142857142 2432.697098900724 1149.3714285714284 801.9085466204093
D1568_8_28_19_overnight_stability_014 2257.9 2817.812509731618 1352.8499999999997 912.9373556028377
D1568_8_28_19_overnight_stability_015 2119.6392857142864 2623.1663203798194 1338.207142857143 908.7820740486934
D1568_8_28_19_overnight_stability_016 1834.1214285714282 2377.7097851714366 1100.742857142857 789.7415892271991
D1568_8_28_19_overnight_stability_017 1755.2446428571425 2261.4683034134596 1076.8642857142856 728.5145306564249
D1568_8_28_19_overnight_stability_018 1752.8 2158.569024840299 968.9571428571427 677.333628341036
D1568_8_28_19_overnight_stability_019 1867.9321428571425 2454.658040211508 1185.8357142857144 762.0103382915912
D1568_8_28_19_overnight_stability_020 1977.75 2570.8835956728963 1285.0 831.1506997616532
D1568_8_28_19_overnight_stability_021 1835.9071428571424 2320.9164725383807 969.6214285714286 761.5543735194032
D1568_8_28_19_overnight_stability_022 1472.5714285714282 1939.0875753817825 859.2285714285714 645.8647247319375
D1568_8_28_19_overnight_stability_023 1600.985714285714 1970.7594056606706 894.0214285714283 657.6925857084892
D1568_8_28_19_overnight_stability_024 1457.994642857143 1788.105525016281 902.9071428571432 640.448446641978
D1568_8_28_19_overnight_stability_025 1402.325 1850.4930071132396 812.3214285714286 648.8353111301725
D1568_8_28_19_overnight_stability_026 1609.6642857142858 2110.217351956902 931.8214285714286 686.0667648759462
D1568_8_28_19_overnight_stability_027 1730.2928571428572 2141.9513480702585 966.0785714285719 696.3521093190292
D1568_8_28_19_overnight_stability_028 1559.9196428571427 1926.2112640086366 1067.4571428571426 674.668940885764
D1568_8_28_19_overnight_stability_029 1410.673214285714 1809.5973377643297 1007.1857142857143 628.243624101741
D1568_8_28_19_overnight_stability_030 1328.3446428571428 1734.457595285555 657.3714285714286 579.7977768505294
D1568_8_28_19_overnight_stability_031 1373.519642857143 1718.201628474886 835.8214285714286 603.7613680427197
D1568_8_28_19_overnight_stability_032 1388.760714285714 1698.0645524758472 813.1714285714286 546.8766026915291
D1568_8_28_19_overnight_stability_033 1538.3767857142861 2020.619524080115 972.2285714285714 657.701538755713
D1568_8_28_19_overnight_stability_034 1561.8071428571432 1893.874493597715 891.4285714285714 666.8286151934516
D1568_8_28_19_overnight_stability_035 1462.6375 1948.5256781971723 999.2428571428567 613.0240833235623
D1568_8_28_19_overnight_stability_036 1665.0428571428572 2105.19050563126 921.4500000000003 636.0339345249961
D1568_8_28_19_overnight_stability_037 1774.65 2260.204443739548 967.3142857142857 692.7619472157835
D1568_8_28_19_overnight_stability_038 1998.7839285714283 2437.0831038033457 1100.9642857142856 710.328421993543
D1568_8_28_19_overnight_stability_039 2006.9767857142858 2521.735938514132 1126.4714285714285 754.3637914136112
D1568_8_28_19_overnight_stability_040 2312.6767857142863 2867.4639075485766 1343.264285714286 822.5936126555035
D1568_8_28_19_overnight_stability_041 2191.4 2731.4176749446433 1367.5142857142855 847.0037465883453
D1568_8_28_19_overnight_stability_042 1917.3553571428577 2460.1780941313477 1284.3285714285714 793.6892873775979
D1568_8_28_19_overnight_stability_043 1955.432142857142 2511.1655151293794 1161.3857142857144 733.9776655112796
D1568_8_28_19_overnight_stability_044 1873.1571428571428 2324.904258243767 1108.007142857143 742.3808617054528
D1568_8_28_19_overnight_stability_045 1823.9642857142858 2323.868630645889 935.0285714285715 650.6996777410028
D1568_8_28_19_overnight_stability_046 2179.9107142857138 2778.641999138248 1170.771428571429 826.0255208045379
D1568_8_28_19_overnight_stability_047 2109.4107142857138 2586.2946727654603 1198.0714285714282 813.0086608721098
D1568_8_28_19_overnight_stability_048 1815.5535714285718 2338.31356096119 1242.4357142857139 738.6166986333303
D1568_8_28_19_overnight_stability_049 1795.7589285714282 2240.920899394655 1071.5714285714287 728.5669943842656
D1568_8_28_19_overnight_stability_050 1688.5303571428572 2183.1259497206634 898.614285714286 642.637670631193
D1568_8_28_19_overnight_stability_051 1672.4214285714284 2062.0461688575256 1030.3142857142857 635.3860181345009
D1568_8_28_19_overnight_stability_052 1665.7857142857142 2147.057754230193 1002.1285714285714 651.0610553205453
D1568_8_28_19_overnight_stability_053 1800.9303571428572 2277.7242161516724 1148.0428571428572 732.4429093862565
D1568_8_28_19_overnight_stability_054 1592.576785714286 2055.8705956586255 1022.0071428571429 647.9589988839524
D1568_8_28_19_overnight_stability_055 1447.0535714285718 1901.5915792764229 845.0142857142857 610.0499392405076
