D1568_8_28_19_overnight_stability_006 1531.22077922078 5082.473834746156 2309.744360902256 3195.209313671289
D1568_8_28_19_overnight_stability_007 1561.8181818181818 5206.48580308251 2260.2725563909767 3232.0186192362858
D1568_8_28_19_overnight_stability_008 1451.459956709957 5486.639582359534 2414.9680451127824 3420.1276962955853
D1568_8_28_19_overnight_stability_009 1488.4015151515152 4982.880006658326 2144.33082706767 3132.3396101824596
D1568_8_28_19_overnight_stability_010 1185.7153679653672 5055.272111841944 2405.50939849624 3022.475090658248
D1568_8_28_19_overnight_stability_011 1401.7261904761897 4725.037561498658 2649.9022556390983 2907.4218388991094
D1568_8_28_19_overnight_stability_012 1236.0984848484848 4694.867852175569 2658.6184210526317 2964.865914990287
D1568_8_28_19_overnight_stability_013 1385.9426406926402 4598.777504551256 2397.601503759398 2942.9077198657506
D1568_8_28_19_overnight_stability_014 1626.840909090909 5365.3629291086845 3088.219924812029 3237.279837405433
D1568_8_28_19_overnight_stability_015 1556.7543290043293 5002.254804559183 2965.345864661655 3290.369639457842
D1568_8_28_19_overnight_stability_016 1109.756493506493 4524.290348646458 2242.00939849624 2900.3887879072354
D1568_8_28_19_overnight_stability_017 1155.191558441558 4295.00900716439 2105.1259398496245 2779.736706670999
D1568_8_28_19_overnight_stability_018 1370.530303030303 4106.433397619122 1969.0488721804504 2504.423144361009
D1568_8_28_19_overnight_stability_019 1159.7976190476186 4640.070155106266 2477.003759398497 2923.675844296145
D1568_8_28_19_overnight_stability_020 1137.75 4906.709903555693 2599.4210526315787 3217.8056566187015
D1568_8_28_19_overnight_stability_021 1296.6461038961033 4409.575521624606 1717.5056390977447 2826.017619863155
D1568_8_28_19_overnight_stability_022 891.2564935064929 3664.7453610657435 1645.189849624061 2372.421952391054
D1568_8_28_19_overnight_stability_023 1164.374458874458 3768.7210728546156 1836.8928571428573 2356.3372285962
D1568_8_28_19_overnight_stability_024 1202.5930735930729 3388.1893262445783 1838.4097744360904 2348.3376953582383
D1568_8_28_19_overnight_stability_025 842.9166666666666 3503.016338861165 1432.5056390977454 2385.6841638997967
D1568_8_28_19_overnight_stability_026 1117.8906926406935 3969.2921459274908 1740.7575187969924 2592.4804388855387
D1568_8_28_19_overnight_stability_027 1377.9523809523812 4063.3391942013095 2058.988721804512 2479.6177832698395
D1568_8_28_19_overnight_stability_028 1211.494588744588 3661.92248926428 2455.5357142857138 2451.5036584716736
D1568_8_28_19_overnight_stability_029 969.5562770562764 3425.687631183902 2320.7236842105262 2268.3731162889003
D1568_8_28_19_overnight_stability_030 939.0703463203456 3270.597423600981 1301.5657894736842 1950.940753743976
D1568_8_28_19_overnight_stability_031 1039.3506493506486 3262.6060171153085 1779.25 2148.8986599320815
D1568_8_28_19_overnight_stability_032 1253.3668831168823 3210.6005003429595 1839.5488721804504 1932.777176748124
D1568_8_28_19_overnight_stability_033 965.527056277057 3822.4846557817123 2058.9398496240597 2411.7093296211547
D1568_8_28_19_overnight_stability_034 1368.7521645021648 3585.0474947392445 1791.1973684210527 2391.055927386018
D1568_8_28_19_overnight_stability_035 917.0833333333334 3669.978733716906 1977.774436090225 2450.7179659186518
D1568_8_28_19_overnight_stability_036 1239.9220779220784 3976.8215726981257 1533.1992481203013 2605.413420839446
D1568_8_28_19_overnight_stability_037 1264.5757575757575 4277.509146902733 1818.9473684210527 2620.183450260571
D1568_8_28_19_overnight_stability_038 1587.877705627705 4640.427274075869 2391.6278195488717 2648.9326279040233
D1568_8_28_19_overnight_stability_039 1421.3831168831173 4806.377116774905 2119.3759398496245 2980.0638411332598
D1568_8_28_19_overnight_stability_040 1747.580086580087 5455.87692669064 2764.1090225563917 3256.6278130305095
D1568_8_28_19_overnight_stability_041 1569.4621212121212 5212.188879466271 2750.8778195488717 3385.9549075930504
D1568_8_28_19_overnight_stability_042 1309.7251082251087 4659.29721257527 2512.1447368421054 3204.500415550258
D1568_8_28_19_overnight_stability_043 1295.9188311688308 4762.574579491049 2158.612781954888 2985.1485007164447
D1568_8_28_19_overnight_stability_044 1435.3430735930742 4414.8038462173035 2250.1221804511283 2805.6478151345464
D1568_8_28_19_overnight_stability_045 1286.9816017316025 4401.337978858828 1746.671052631579 2492.684298144208
D1568_8_28_19_overnight_stability_046 1540.518398268398 5263.729609751816 2223.212406015038 3154.019652109567
D1568_8_28_19_overnight_stability_047 1666.9350649350645 4918.320141010157 2382.8139097744356 3093.7425444382593
D1568_8_28_19_overnight_stability_048 1345.6222943722944 4406.908724578535 2870.5639097744356 2773.1163368044126
D1568_8_28_19_overnight_stability_049 1401.1504329004329 4247.868729254164 2288.2274436090233 2657.813537940246
D1568_8_28_19_overnight_stability_050 1237.603896103897 4105.970547602991 1555.3308270676698 2510.458872259707
D1568_8_28_19_overnight_stability_051 1270.4686147186148 3936.239877816854 2286.913533834586 2378.0180854112396
D1568_8_28_19_overnight_stability_052 1045.0259740259733 4087.6802175767452 1913.3684210526317 2584.6144059460444
D1568_8_28_19_overnight_stability_053 1343.4145021645015 4307.777545689987 2691.849624060151 2613.0359750537705
D1568_8_28_19_overnight_stability_054 1053.6937229437237 3901.3073833969092 2001.4736842105262 2570.5559938909196
D1568_8_28_19_overnight_stability_055 859.872294372295 3601.5959911466894 1710.157894736842 2204.2230344490026
