D1568_8_28_19_overnight_stability_006 381.3606469002697 1277.5288798232643 577.4360902255637 807.7067808105321
D1568_8_28_19_overnight_stability_007 388.9811320754717 1307.2333782857515 565.0681390977442 816.9944064597674
D1568_8_28_19_overnight_stability_008 361.49568733153643 1377.3977930241645 603.7420112781953 864.9873886181254
D1568_8_28_19_overnight_stability_009 370.6962264150943 1253.2260691364181 536.0827067669175 791.1495835858307
D1568_8_28_19_overnight_stability_010 295.31024258760095 1270.39791209634 601.37734962406 766.6243248328789
D1568_8_28_19_overnight_stability_011 349.109164420485 1188.7034948110506 662.4755639097742 738.0501800103407
D1568_8_28_19_overnight_stability_012 307.85849056603774 1181.89440744613 664.6546052631579 753.5343023693166
D1568_8_28_19_overnight_stability_013 345.17816711590274 1155.755265085662 599.4003759398495 748.2455578350898
D1568_8_28_19_overnight_stability_014 405.1754716981132 1348.7302282679236 772.0549812030073 820.7220192934807
D1568_8_28_19_overnight_stability_015 387.71994609164443 1256.9761030158313 741.3364661654138 832.9510126909844
D1568_8_28_19_overnight_stability_016 276.3921832884095 1137.8960753287124 560.50234962406 735.8238245804523
D1568_8_28_19_overnight_stability_017 287.70808625336923 1079.0328773599247 526.2814849624058 707.5995484174787
D1568_8_28_19_overnight_stability_018 341.33962264150944 1032.6844847453744 492.2622180451126 638.4380429235152
D1568_8_28_19_overnight_stability_019 288.85525606468997 1165.1204921883382 619.2509398496243 740.6669012306417
D1568_8_28_19_overnight_stability_020 283.3641509433962 1231.1126178264315 649.8552631578947 817.8534457080375
D1568_8_28_19_overnight_stability_021 322.9382749326145 1108.3983345106076 429.37640977443624 718.4383326962578
D1568_8_28_19_overnight_stability_022 221.97331536388126 924.5803524354427 411.2974624060152 604.3438624307679
D1568_8_28_19_overnight_stability_023 289.99514824797825 948.3433621597769 459.22321428571416 602.8727999089574
D1568_8_28_19_overnight_stability_024 299.5137466307277 854.7962920760456 459.6024436090227 597.687864645063
D1568_8_28_19_overnight_stability_025 209.93396226415095 881.8298098633012 358.12640977443624 609.6631927638923
D1568_8_28_19_overnight_stability_026 278.41805929919155 997.8977081017957 435.1893796992479 658.1157586547623
D1568_8_28_19_overnight_stability_027 343.18814016172513 1022.5531078270735 514.747180451128 631.1038019108721
D1568_8_28_19_overnight_stability_028 301.73072776280316 922.3166290422738 613.8839285714284 629.6403417106781
D1568_8_28_19_overnight_stability_029 241.47439353099713 864.8205224774997 580.1809210526316 584.9431752353512
D1568_8_28_19_overnight_stability_030 233.88167115902954 823.4401654049528 325.39144736842104 506.30385002019636
D1568_8_28_19_overnight_stability_031 258.8571428571428 822.8123436301795 444.8125 553.2702948108328
D1568_8_28_19_overnight_stability_032 312.1592991913745 810.5590209676616 459.8872180451127 499.14779903051596
D1568_8_28_19_overnight_stability_033 240.4708894878708 961.6336925684361 514.7349624060153 614.8000970069689
D1568_8_28_19_overnight_stability_034 340.89676549865237 903.0427701147169 447.7993421052632 611.6636778509893
D1568_8_28_19_overnight_stability_035 228.4056603773585 924.90198183683 494.44360902255625 627.6686694601568
D1568_8_28_19_overnight_stability_036 308.8107816711591 1002.1971547034507 383.29981203007526 664.9126074755885
D1568_8_28_19_overnight_stability_037 314.9509433962264 1076.3843650699478 454.7368421052632 669.4001511255207
D1568_8_28_19_overnight_stability_038 395.47142857142836 1167.5534961684173 597.9069548872179 672.872130400316
D1568_8_28_19_overnight_stability_039 354.00485175202175 1205.769213698647 529.8439849624058 755.0036945434362
D1568_8_28_19_overnight_stability_040 435.24636118598403 1370.2885235053272 691.0272556390979 823.6595231030045
D1568_8_28_19_overnight_stability_041 390.88490566037734 1307.4902643883333 687.7194548872179 854.4173815939074
D1568_8_28_19_overnight_stability_042 326.1956873315365 1172.9438263832076 628.0361842105264 810.9119523193547
D1568_8_28_19_overnight_stability_043 322.7571428571428 1197.3842333454 539.6531954887216 756.9809589555476
D1568_8_28_19_overnight_stability_044 357.48167115902976 1109.6399048587639 562.5305451127821 710.7490080403314
D1568_8_28_19_overnight_stability_045 320.5312668463614 1108.1948586805397 436.66776315789474 636.3380741028242
D1568_8_28_19_overnight_stability_046 383.67628032344993 1321.1575039670172 555.8031015037595 798.0118780897199
D1568_8_28_19_overnight_stability_047 415.1611859838273 1235.6157374080494 595.7034774436089 782.9370215734211
D1568_8_28_19_overnight_stability_048 335.13611859838267 1106.6557152152209 717.6409774436089 702.995670869866
D1568_8_28_19_overnight_stability_049 348.96576819407017 1066.8255591902291 572.0568609022558 675.8675552886165
D1568_8_28_19_overnight_stability_050 308.23342318059304 1032.678975901752 388.8327067669174 640.5517865400207
D1568_8_28_19_overnight_stability_051 316.41859838274934 988.8197816615511 571.7283834586468 606.888282488706
D1568_8_28_19_overnight_stability_052 260.2706199460914 1028.3589536285517 478.3421052631579 657.7685873792822
D1568_8_28_19_overnight_stability_053 334.58625336927213 1084.005782465506 672.9624060150375 670.371407837464
D1568_8_28_19_overnight_stability_054 262.4293800539086 982.139880210789 500.36842105263156 656.4682287198365
D1568_8_28_19_overnight_stability_055 214.156873315364 909.4508615512779 427.5394736842105 568.3488247544135
