D1568_8_28_19_overnight_stability_006 3813.6064690026956 12390.052781000748 5851.352380952379 7994.765915002866
D1568_8_28_19_overnight_stability_007 3889.811320754717 12652.722371029975 5726.023809523808 8115.186193921745
D1568_8_28_19_overnight_stability_008 3614.956873315367 13365.21937590925 6117.919047619045 8562.277623165917
D1568_8_28_19_overnight_stability_009 3706.9622641509436 12094.907766716058 5432.304761904764 7830.194194143881
D1568_8_28_19_overnight_stability_010 2953.102425876009 12289.418648309651 6093.957142857142 7541.918339949231
D1568_8_28_19_overnight_stability_011 3491.0916442048515 11493.175901831084 6713.085714285712 7267.732864560464
D1568_8_28_19_overnight_stability_012 3078.5849056603774 11435.08865486743 6735.166666666667 7328.924328000362
D1568_8_28_19_overnight_stability_013 3451.7816711590276 11160.293392114632 6073.923809523809 7392.149721454448
D1568_8_28_19_overnight_stability_014 4051.754716981132 13020.387579232085 7823.490476190475 8116.614767495306
D1568_8_28_19_overnight_stability_015 3877.1994609164444 12175.635323263341 7512.209523809524 8235.909863554216
D1568_8_28_19_overnight_stability_016 2763.9218328840957 10983.52616053644 5679.757142857142 7285.282745356963
D1568_8_28_19_overnight_stability_017 2877.0808625336904 10437.800271803537 5332.985714285712 6943.971303542504
D1568_8_28_19_overnight_stability_018 3413.396226415094 9964.884197491698 4988.257142857142 6222.606130743559
D1568_8_28_19_overnight_stability_019 2888.5525606468973 11269.716578262338 6275.076190476191 7322.685379767849
D1568_8_28_19_overnight_stability_020 2833.6415094339623 11919.98564184006 6585.2 8039.523142575062
D1568_8_28_19_overnight_stability_021 3229.3827493261433 10717.762203167484 4351.014285714288 7082.525262432402
D1568_8_28_19_overnight_stability_022 2219.733153638813 8916.319258127285 4167.8142857142875 5903.471482880532
D1568_8_28_19_overnight_stability_023 2899.9514824797825 9132.421345547382 4653.461904761903 5877.818402580911
D1568_8_28_19_overnight_stability_024 2995.137466307275 8217.32099645904 4657.304761904764 5848.286378964824
D1568_8_28_19_overnight_stability_025 2099.3396226415093 8487.754668851989 3629.014285714288 5929.490288673165
D1568_8_28_19_overnight_stability_026 2784.180592991916 9624.556236694398 4409.919047619045 6472.919234779415
D1568_8_28_19_overnight_stability_027 3431.881401617253 9884.059687605712 5216.104761904764 6187.498773056523
D1568_8_28_19_overnight_stability_028 3017.30727762803 8905.62743046352 6220.690476190475 6115.792976277467
D1568_8_28_19_overnight_stability_029 2414.743935309973 8333.896793263579 5879.166666666667 5580.153355618662
D1568_8_28_19_overnight_stability_030 2338.8167115902947 7920.195544816943 3297.3 4764.099699138687
D1568_8_28_19_overnight_stability_031 2588.571428571426 7920.3223871873515 4507.433333333333 5326.218193573706
D1568_8_28_19_overnight_stability_032 3121.592991913745 7763.64634023614 4660.190476190475 4776.854850673096
D1568_8_28_19_overnight_stability_033 2404.7088948787064 9285.306959922147 5215.9809523809545 6025.26965707374
D1568_8_28_19_overnight_stability_034 3408.967654986522 8691.961188122898 4537.7 5974.792058585247
D1568_8_28_19_overnight_stability_035 2284.056603773585 8924.958152039928 5010.361904761902 6126.936857913722
D1568_8_28_19_overnight_stability_036 3088.1078167115925 9670.701802348502 3884.1047619047627 6536.923577421735
D1568_8_28_19_overnight_stability_037 3149.509433962264 10367.28777985295 4608.0 6550.78317455249
D1568_8_28_19_overnight_stability_038 3954.7142857142853 11266.257365197545 6058.790476190476 6591.670497834228
D1568_8_28_19_overnight_stability_039 3540.0485175202175 11653.745638471537 5369.085714285712 7477.99385467869
D1568_8_28_19_overnight_stability_040 4352.463611859841 13266.671672822655 7002.409523809526 8207.109695381083
D1568_8_28_19_overnight_stability_041 3908.8490566037735 12683.247346804956 6968.890476190474 8444.07232453738
D1568_8_28_19_overnight_stability_042 3261.956873315367 11301.633325944735 6364.1 8070.542715538611
D1568_8_28_19_overnight_stability_043 3227.5714285714257 11550.42757846146 5468.485714285712 7514.263498437194
D1568_8_28_19_overnight_stability_044 3574.8167115902966 10724.696264170105 5700.309523809525 7040.49390787181
D1568_8_28_19_overnight_stability_045 3205.312668463614 10711.566648511496 4424.9 6257.7939155903805
D1568_8_28_19_overnight_stability_046 3836.7628032344987 12774.935324230404 5632.138095238098 7897.296157028306
D1568_8_28_19_overnight_stability_047 4151.611859838273 11959.882677385145 6036.461904761903 7755.462686292851
D1568_8_28_19_overnight_stability_048 3351.3611859838265 10710.950187487211 7272.095238095236 6958.797030132145
D1568_8_28_19_overnight_stability_049 3489.657681940702 10330.390685437656 5796.842857142858 6684.076919193906
D1568_8_28_19_overnight_stability_050 3082.334231805932 9962.758660289604 3940.1714285714293 6284.748695250191
D1568_8_28_19_overnight_stability_051 3164.185983827494 9551.585739341475 5793.514285714288 5911.555742791913
D1568_8_28_19_overnight_stability_052 2602.706199460915 9924.497579405777 4847.2 6423.818243588985
D1568_8_28_19_overnight_stability_053 3345.8625336927225 10465.02590664596 6819.352380952379 6555.3660758246415
D1568_8_28_19_overnight_stability_054 2624.293800539085 9450.290542396393 5070.4 6436.056528651686
D1568_8_28_19_overnight_stability_055 2141.56873315364 8770.261931884508 4332.4 5477.029076667995
D1568_8_28_19_overnight_stability_006 3813.6064690026956 12390.052781000748 5851.352380952379 7994.765915002866
D1568_8_28_19_overnight_stability_006 3813.6064690026956 12390.052781000748 5851.352380952379 7994.765915002866
