D1568_8_28_19_overnight_stability_006 382.805194805195 1270.618458686539 577.436090225564 798.8023284178222
D1568_8_28_19_overnight_stability_007 390.45454545454544 1301.6214507706275 565.0681390977442 808.0046548090714
D1568_8_28_19_overnight_stability_008 362.86498917748924 1371.6598955898835 603.7420112781956 855.0319240738963
D1568_8_28_19_overnight_stability_009 372.1003787878788 1245.7200016645816 536.0827067669175 783.0849025456149
D1568_8_28_19_overnight_stability_010 296.4288419913418 1263.818027960486 601.37734962406 755.618772664562
D1568_8_28_19_overnight_stability_011 350.4315476190474 1181.2593903746645 662.4755639097746 726.8554597247773
D1568_8_28_19_overnight_stability_012 309.0246212121212 1173.7169630438923 664.6546052631579 741.2164787475717
D1568_8_28_19_overnight_stability_013 346.48566017316006 1149.694376137814 599.4003759398495 735.7269299664376
D1568_8_28_19_overnight_stability_014 406.71022727272725 1341.3407322771711 772.0549812030073 809.3199593513583
D1568_8_28_19_overnight_stability_015 389.1885822510823 1250.5637011397957 741.3364661654138 822.5924098644605
D1568_8_28_19_overnight_stability_016 277.43912337662323 1131.0725871616146 560.50234962406 725.0971969768088
D1568_8_28_19_overnight_stability_017 288.7978896103895 1073.7522517910975 526.2814849624061 694.9341766677497
D1568_8_28_19_overnight_stability_018 342.63257575757575 1026.6083494047805 492.2622180451126 626.1057860902522
D1568_8_28_19_overnight_stability_019 289.94940476190465 1160.0175387765664 619.2509398496243 730.9189610740362
D1568_8_28_19_overnight_stability_020 284.4375 1226.6774758889233 649.8552631578947 804.4514141546754
D1568_8_28_19_overnight_stability_021 324.16152597402584 1102.3938804061515 429.3764097744362 706.5044049657887
D1568_8_28_19_overnight_stability_022 222.81412337662323 916.1863402664359 411.29746240601526 593.1054880977636
D1568_8_28_19_overnight_stability_023 291.0936147186145 942.1802682136539 459.22321428571433 589.08430714905
D1568_8_28_19_overnight_stability_024 300.6482683982682 847.0473315611446 459.6024436090226 587.0844238395596
D1568_8_28_19_overnight_stability_025 210.72916666666666 875.7540847152912 358.12640977443635 596.4210409749492
D1568_8_28_19_overnight_stability_026 279.4726731601734 992.3230364818727 435.1893796992481 648.1201097213847
D1568_8_28_19_overnight_stability_027 344.4880952380953 1015.8347985503274 514.747180451128 619.9044458174599
D1568_8_28_19_overnight_stability_028 302.873647186147 915.48062231607 613.8839285714284 612.8759146179184
D1568_8_28_19_overnight_stability_029 242.3890692640691 856.4219077959755 580.1809210526316 567.0932790722251
D1568_8_28_19_overnight_stability_030 234.7675865800864 817.6493559002453 325.39144736842104 487.735188435994
D1568_8_28_19_overnight_stability_031 259.83766233766215 815.6515042788271 444.8125 537.2246649830204
D1568_8_28_19_overnight_stability_032 313.34172077922057 802.6501250857399 459.8872180451126 483.194294187031
D1568_8_28_19_overnight_stability_033 241.38176406926425 955.6211639454281 514.7349624060149 602.9273324052887
D1568_8_28_19_overnight_stability_034 342.1880411255412 896.2618736848111 447.7993421052632 597.7639818465045
D1568_8_28_19_overnight_stability_035 229.27083333333334 917.4946834292265 494.44360902255625 612.6794914796629
D1568_8_28_19_overnight_stability_036 309.9805194805196 994.2053931745314 383.2998120300753 651.3533552098615
D1568_8_28_19_overnight_stability_037 316.1439393939394 1069.3772867256832 454.7368421052632 655.0458625651428
D1568_8_28_19_overnight_stability_038 396.96942640692623 1160.1068185189672 597.9069548872179 662.2331569760058
D1568_8_28_19_overnight_stability_039 355.3457792207793 1201.5942791937262 529.8439849624061 745.0159602833149
D1568_8_28_19_overnight_stability_040 436.89502164502176 1363.96923167266 691.0272556390979 814.1569532576274
D1568_8_28_19_overnight_stability_041 392.3655303030303 1303.0472198665677 687.7194548872179 846.4887268982626
D1568_8_28_19_overnight_stability_042 327.43127705627717 1164.8243031438176 628.0361842105264 801.1251038875645
D1568_8_28_19_overnight_stability_043 323.9797077922077 1190.6436448727623 539.653195488722 746.2871251791112
D1568_8_28_19_overnight_stability_044 358.83576839826856 1103.7009615543259 562.5305451127821 701.4119537836366
D1568_8_28_19_overnight_stability_045 321.7454004329006 1100.334494714707 436.66776315789474 623.171074536052
D1568_8_28_19_overnight_stability_046 385.1295995670995 1315.932402437954 555.8031015037595 788.5049130273917
D1568_8_28_19_overnight_stability_047 416.7337662337661 1229.5800352525393 595.7034774436089 773.4356361095648
D1568_8_28_19_overnight_stability_048 336.4055735930736 1101.7271811446337 717.6409774436089 693.2790842011032
D1568_8_28_19_overnight_stability_049 350.2876082251082 1061.967182313541 572.0568609022558 664.4533844850615
D1568_8_28_19_overnight_stability_050 309.4009740259742 1026.4926369007478 388.83270676691745 627.6147180649267
D1568_8_28_19_overnight_stability_051 317.6171536796537 984.0599694542135 571.7283834586465 594.5045213528099
D1568_8_28_19_overnight_stability_052 261.2564935064933 1021.9200543941863 478.3421052631579 646.1536014865111
D1568_8_28_19_overnight_stability_053 335.8536255411254 1076.9443864224968 672.9624060150378 653.2589937634426
D1568_8_28_19_overnight_stability_054 263.42343073593094 975.3268458492273 500.36842105263156 642.6389984727299
D1568_8_28_19_overnight_stability_055 214.96807359307374 900.3989977866723 427.5394736842105 551.0557586122507
