D1568_8_28_19_overnight_stability_006 384.9926530612247 1308.0577770521113 583.1912672045561 798.1599380588258
D1568_8_28_19_overnight_stability_007 392.68571428571425 1338.709894398538 570.7000474608445 808.8975144930001
D1568_8_28_19_overnight_stability_008 364.9385034013607 1407.8308092592583 609.7593735168484 853.3970691461913
D1568_8_28_19_overnight_stability_009 374.2266666666667 1279.4408154294783 541.4257237778834 781.1627164328145
D1568_8_28_19_overnight_stability_010 298.1227210884352 1295.361921538412 607.3711438063596 753.5241267638961
D1568_8_28_19_overnight_stability_011 352.43401360544203 1216.3450441707657 669.0783103939248 724.2910480871252
D1568_8_28_19_overnight_stability_012 310.7904761904761 1209.3566984669922 671.2790697674419 737.4357748476428
D1568_8_28_19_overnight_stability_013 348.46557823129234 1179.316482441453 605.3744660654958 732.5652366857703
D1568_8_28_19_overnight_stability_014 409.0342857142857 1379.5610722334 779.7498813478879 811.285545601607
D1568_8_28_19_overnight_stability_015 391.41251700680283 1284.2105580262266 748.7252017085906 819.4650321507748
D1568_8_28_19_overnight_stability_016 279.0244897959182 1162.5212337716132 566.0887517797815 722.3074437076954
D1568_8_28_19_overnight_stability_017 290.448163265306 1100.7820633949004 531.5268153773136 695.1452005338759
D1568_8_28_19_overnight_stability_018 344.5904761904761 1055.7965747511382 497.1684859990506 620.5722845469187
D1568_8_28_19_overnight_stability_019 291.6062585034012 1190.347340101923 625.4228761271953 727.5357140558185
D1568_8_28_19_overnight_stability_020 286.0628571428571 1260.9427914302314 656.3322259136212 800.3597350428521
D1568_8_28_19_overnight_stability_021 326.01387755102024 1132.559729783 433.6559088751781 704.7622649056865
D1568_8_28_19_overnight_stability_022 224.0873469387754 941.7100056074718 415.3967726625535 590.5938964176587
D1568_8_28_19_overnight_stability_023 292.757006802721 966.4543496349658 463.80018984337914 580.995988096183
D1568_8_28_19_overnight_stability_024 302.3662585034012 870.8711223998629 464.18319886093985 582.6639802664919
D1568_8_28_19_overnight_stability_025 211.93333333333334 893.9835568450334 361.69577598481266 591.025506090137
D1568_8_28_19_overnight_stability_026 281.06965986394573 1015.8434473026168 439.5268153773137 642.9212783528512
D1568_8_28_19_overnight_stability_027 346.45659863945593 1043.4280380613238 519.8775510204083 616.3053508463354
D1568_8_28_19_overnight_stability_028 304.6043537414964 939.9837239627791 620.00237304224 609.0035791347044
D1568_8_28_19_overnight_stability_029 243.77414965986387 879.9079480560192 585.9634551495017 560.2157765294078
D1568_8_28_19_overnight_stability_030 236.10911564625835 833.3900428928063 328.6345514950166 475.98133765340947
D1568_8_28_19_overnight_stability_031 261.32244897959174 836.913152193744 449.24584717607974 533.1800561791007
D1568_8_28_19_overnight_stability_032 315.1322448979591 821.3685903793786 464.470811580446 477.4436553844024
D1568_8_28_19_overnight_stability_033 242.7610884353742 978.4102318796099 519.8652112007594 598.2945490696874
D1568_8_28_19_overnight_stability_034 344.14340136054426 918.931742320392 452.2624584717608 593.2624087602899
D1568_8_28_19_overnight_stability_035 230.58095238095243 941.8614211464397 499.3716184148077 606.2054040695256
D1568_8_28_19_overnight_stability_036 311.751836734694 1023.277645663329 387.1200759373517 647.4475768543331
D1568_8_28_19_overnight_stability_037 317.95047619047614 1097.6597796371634 459.2691029900332 652.138421900404
D1568_8_28_19_overnight_stability_038 399.2378231292515 1191.3056910469952 603.8661604176552 657.6369543526837
D1568_8_28_19_overnight_stability_039 357.3763265306124 1233.8270855006642 535.1248220218317 744.2292042033333
D1568_8_28_19_overnight_stability_040 439.3915646258505 1405.0358488885163 697.9145704793547 815.3746536613345
D1568_8_28_19_overnight_stability_041 394.60761904761904 1336.857464271597 694.5738016136685 842.6208943385969
D1568_8_28_19_overnight_stability_042 329.30231292517016 1198.9709609714228 634.2956810631229 801.6547376289445
D1568_8_28_19_overnight_stability_043 325.83102040816306 1221.7428725848001 545.0317987660179 747.0396693018888
D1568_8_28_19_overnight_stability_044 360.88625850340145 1134.119707602452 568.137161841481 699.6581488710244
D1568_8_28_19_overnight_stability_045 323.58394557823135 1127.80829607039 441.0199335548173 620.7180400326846
D1568_8_28_19_overnight_stability_046 387.33034013605436 1348.3300686185053 561.3426672994781 788.6124385274002
D1568_8_28_19_overnight_stability_047 419.1151020408162 1266.2402141549783 601.6407214048409 771.8990361228522
D1568_8_28_19_overnight_stability_048 338.3278911564625 1130.6871726422446 724.7935453251066 688.7392111683
D1568_8_28_19_overnight_stability_049 352.2892517006803 1091.5222864297614 577.7584242999528 663.1412292974222
D1568_8_28_19_overnight_stability_050 311.1689795918369 1052.8139115199751 392.70811580446144 623.987825987275
D1568_8_28_19_overnight_stability_051 319.4321088435375 1008.9276327798976 577.4266729947794 589.4601630080732
D1568_8_28_19_overnight_stability_052 262.7493877551019 1051.318493353399 483.10963455149493 643.8258598888467
D1568_8_28_19_overnight_stability_053 337.7727891156461 1106.3172164122248 679.6696725201706 651.9620687527392
D1568_8_28_19_overnight_stability_054 264.9287074829933 999.944684001784 505.35548172757467 641.4256663853986
D1568_8_28_19_overnight_stability_055 216.19646258503414 925.6823071344487 431.8006644518273 547.8349015826388
