D1568_8_28_19_overnight_stability_006 303.7760078056828 1 121.89344329135982 1
D1568_8_28_19_overnight_stability_007 311.6762698321798 1 145.46025409760952 1
D1568_8_28_19_overnight_stability_008 277.05110332464733 1 149.32720365794447 1
D1568_8_28_19_overnight_stability_009 289.8442564699507 1 92.71517340263917 1
D1568_8_28_19_overnight_stability_010 282.3448452545154 1 160.62431693039878 1
D1568_8_28_19_overnight_stability_011 304.210080443848 1 151.99241922821898 1
D1568_8_28_19_overnight_stability_012 322.53084366630327 1 132.43668503837876 1
D1568_8_28_19_overnight_stability_013 274.66218669484516 1 143.14177550576872 1
D1568_8_28_19_overnight_stability_014 297.3411507902317 1 171.7867674269035 1
D1568_8_28_19_overnight_stability_015 298.43833532991135 1 155.85503156237405 1
D1568_8_28_19_overnight_stability_016 289.7614850188258 1 158.35063334743944 1
D1568_8_28_19_overnight_stability_017 308.5235229658166 1 149.1990528161345 1
D1568_8_28_19_overnight_stability_018 267.01362231712005 1 155.84961978984632 1
D1568_8_28_19_overnight_stability_019 278.9502661994956 1 156.53714263359012 1
D1568_8_28_19_overnight_stability_020 380.62231128660864 1 147.06112655981173 1
D1568_8_28_19_overnight_stability_021 302.4692375802884 1 103.74131658609595 1
D1568_8_28_19_overnight_stability_022 485.3697111262975 1 142.32782755547746 1
D1568_8_28_19_overnight_stability_023 290.2007848732928 1 122.40694107839447 1
D1568_8_28_19_overnight_stability_024 287.77869306828575 1 139.59810429346186 1
D1568_8_28_19_overnight_stability_025 275.96071529522317 1 129.36253853549195 1
D1568_8_28_19_overnight_stability_026 137.72227401587145 1 50.11073651127035 1
D1568_8_28_19_overnight_stability_027 288.6640918414329 1 154.68738196881694 1
D1568_8_28_19_overnight_stability_028 289.1691282132527 1 152.32686973357792 1
D1568_8_28_19_overnight_stability_029 279.19200040685934 1 153.93823177484742 1
D1568_8_28_19_overnight_stability_030 297.58553555125434 1 51.43239130042864 1
D1568_8_28_19_overnight_stability_031 281.23245184284787 1 148.89245014131134 1
D1568_8_28_19_overnight_stability_032 275.81600806766477 1 162.74825456884972 1
D1568_8_28_19_overnight_stability_033 275.3714849946363 1 154.34468645501735 1
D1568_8_28_19_overnight_stability_034 290.495837162421 1 142.0299215969679 1
D1568_8_28_19_overnight_stability_035 313.42266611818894 1 122.72405652168102 1
D1568_8_28_19_overnight_stability_036 276.6126287492216 1 45.632073687891065 1
D1568_8_28_19_overnight_stability_037 276.3926556429707 1 205.54222880612429 1
D1568_8_28_19_overnight_stability_038 281.0953126598404 1 165.9317419233348 1
D1568_8_28_19_overnight_stability_039 276.9694094826395 1 125.34976007627417 1
D1568_8_28_19_overnight_stability_040 308.1743177968154 1 153.2413954970538 1
D1568_8_28_19_overnight_stability_041 286.8172970492382 1 146.47164224536294 1
D1568_8_28_19_overnight_stability_042 280.29862667289 1 88.9937339462457 1
D1568_8_28_19_overnight_stability_043 359.99100716069677 1 84.99261109130758 1
D1568_8_28_19_overnight_stability_044 345.44866662069234 1 122.70822547801477 1
D1568_8_28_19_overnight_stability_045 283.4854128727372 1 135.4571492257753 1
D1568_8_28_19_overnight_stability_046 285.82934065841863 1 112.2704483662424 1
D1568_8_28_19_overnight_stability_047 294.12327773442854 1 32.233562315996075 1
D1568_8_28_19_overnight_stability_048 301.390194645046 1 158.30038069770308 1
D1568_8_28_19_overnight_stability_049 297.606680108999 1 162.27326974370018 1
D1568_8_28_19_overnight_stability_050 242.72507723050288 1 121.16340697883031 1
D1568_8_28_19_overnight_stability_051 293.54621200770913 1 153.470072853959 1
D1568_8_28_19_overnight_stability_052 281.2364436050253 1 112.73425578585962 1
D1568_8_28_19_overnight_stability_053 489.46979965033603 1 172.7785303971277 1
D1568_8_28_19_overnight_stability_054 293.5714164739756 1 113.0960068768567 1
D1568_8_28_19_overnight_stability_055 279.7639616304104 1 83.458125008657 1
