D1568_8_28_19_overnight_stability_006 762.7212938005395 2555.0577596465287 1154.8721804511274 1615.4135616210642
D1568_8_28_19_overnight_stability_007 777.9622641509434 2614.466756571503 1130.1362781954883 1633.988812919535
D1568_8_28_19_overnight_stability_008 722.9913746630729 2754.795586048329 1207.4840225563905 1729.9747772362507
D1568_8_28_19_overnight_stability_009 741.3924528301886 2506.4521382728362 1072.165413533835 1582.2991671716613
D1568_8_28_19_overnight_stability_010 590.6204851752019 2540.79582419268 1202.75469924812 1533.2486496657577
D1568_8_28_19_overnight_stability_011 698.21832884097 2377.4069896221013 1324.9511278195484 1476.1003600206814
D1568_8_28_19_overnight_stability_012 615.7169811320755 2363.78881489226 1329.3092105263158 1507.0686047386332
D1568_8_28_19_overnight_stability_013 690.3563342318055 2311.510530171324 1198.800751879699 1496.4911156701796
D1568_8_28_19_overnight_stability_014 810.3509433962264 2697.4604565358472 1544.1099624060146 1641.4440385869614
D1568_8_28_19_overnight_stability_015 775.4398921832889 2513.9522060316626 1482.6729323308275 1665.9020253819688
D1568_8_28_19_overnight_stability_016 552.784366576819 2275.792150657425 1121.00469924812 1471.6476491609046
D1568_8_28_19_overnight_stability_017 575.4161725067385 2158.0657547198493 1052.5629699248116 1415.1990968349573
D1568_8_28_19_overnight_stability_018 682.6792452830189 2065.368969490749 984.5244360902252 1276.8760858470305
D1568_8_28_19_overnight_stability_019 577.7105121293799 2330.2409843766764 1238.5018796992485 1481.3338024612833
D1568_8_28_19_overnight_stability_020 566.7283018867925 2462.225235652863 1299.7105263157894 1635.706891416075
D1568_8_28_19_overnight_stability_021 645.876549865229 2216.796669021215 858.7528195488725 1436.8766653925156
D1568_8_28_19_overnight_stability_022 443.9466307277625 1849.1607048708854 822.5949248120304 1208.6877248615358
D1568_8_28_19_overnight_stability_023 579.9902964959565 1896.6867243195538 918.4464285714283 1205.7455998179148
D1568_8_28_19_overnight_stability_024 599.0274932614554 1709.5925841520911 919.2048872180454 1195.375729290126
D1568_8_28_19_overnight_stability_025 419.8679245283019 1763.6596197266024 716.2528195488725 1219.3263855277846
D1568_8_28_19_overnight_stability_026 556.8361185983831 1995.7954162035915 870.3787593984958 1316.2315173095246
D1568_8_28_19_overnight_stability_027 686.3762803234503 2045.106215654147 1029.494360902256 1262.2076038217442
D1568_8_28_19_overnight_stability_028 603.4614555256063 1844.6332580845476 1227.7678571428569 1259.2806834213561
D1568_8_28_19_overnight_stability_029 482.94878706199427 1729.6410449549994 1160.3618421052631 1169.8863504707024
D1568_8_28_19_overnight_stability_030 467.7633423180591 1646.8803308099057 650.7828947368421 1012.6077000403927
D1568_8_28_19_overnight_stability_031 517.7142857142856 1645.624687260359 889.625 1106.5405896216655
D1568_8_28_19_overnight_stability_032 624.318598382749 1621.1180419353232 919.7744360902254 998.2955980610319
D1568_8_28_19_overnight_stability_033 480.9417789757416 1923.2673851368722 1029.4699248120305 1229.6001940139379
D1568_8_28_19_overnight_stability_034 681.7935309973047 1806.0855402294337 895.5986842105264 1223.3273557019786
D1568_8_28_19_overnight_stability_035 456.811320754717 1849.80396367366 988.8872180451125 1255.3373389203136
D1568_8_28_19_overnight_stability_036 617.6215633423182 2004.3943094069014 766.5996240601505 1329.825214951177
D1568_8_28_19_overnight_stability_037 629.9018867924528 2152.7687301398955 909.4736842105264 1338.8003022510413
D1568_8_28_19_overnight_stability_038 790.9428571428567 2335.1069923368345 1195.8139097744358 1345.744260800632
D1568_8_28_19_overnight_stability_039 708.0097035040435 2411.538427397294 1059.6879699248116 1510.0073890868723
D1568_8_28_19_overnight_stability_040 870.4927223719681 2740.5770470106545 1382.0545112781958 1647.319046206009
D1568_8_28_19_overnight_stability_041 781.7698113207547 2614.9805287766667 1375.4389097744358 1708.8347631878148
D1568_8_28_19_overnight_stability_042 652.391374663073 2345.887652766415 1256.0723684210527 1621.8239046387093
D1568_8_28_19_overnight_stability_043 645.5142857142856 2394.7684666908 1079.3063909774432 1513.9619179110953
D1568_8_28_19_overnight_stability_044 714.9633423180595 2219.2798097175278 1125.0610902255642 1421.4980160806629
D1568_8_28_19_overnight_stability_045 641.0625336927228 2216.3897173610794 873.3355263157895 1272.6761482056484
D1568_8_28_19_overnight_stability_046 767.3525606468999 2642.3150079340344 1111.606203007519 1596.0237561794397
D1568_8_28_19_overnight_stability_047 830.3223719676546 2471.231474816099 1191.4069548872178 1565.8740431468423
D1568_8_28_19_overnight_stability_048 670.2722371967653 2213.3114304304418 1435.2819548872178 1405.991341739732
D1568_8_28_19_overnight_stability_049 697.9315363881403 2133.6511183804582 1144.1137218045117 1351.735110577233
D1568_8_28_19_overnight_stability_050 616.4668463611861 2065.357951803504 777.6654135338348 1281.1035730800413
D1568_8_28_19_overnight_stability_051 632.8371967654987 1977.6395633231023 1143.4567669172936 1213.776564977412
D1568_8_28_19_overnight_stability_052 520.5412398921828 2056.7179072571034 956.6842105263158 1315.5371747585643
D1568_8_28_19_overnight_stability_053 669.1725067385443 2168.011564931012 1345.924812030075 1340.742815674928
D1568_8_28_19_overnight_stability_054 524.8587601078171 1964.279760421578 1000.7368421052631 1312.936457439673
D1568_8_28_19_overnight_stability_055 428.313746630728 1818.9017231025557 855.078947368421 1136.697649508827
