D1568_8_28_19_overnight_stability_006 382.8051948051949 1275.6250138765058 579.3418198962751 802.4918012400497
D1568_8_28_19_overnight_stability_007 390.45454545454544 1306.2554195497435 566.9330504479018 811.1958688107557
D1568_8_28_19_overnight_stability_008 362.86498917748935 1375.0874481956744 605.7345591702025 858.3935076866526
D1568_8_28_19_overnight_stability_009 372.10037878787875 1251.0142911469463 537.8519566242338 785.6640446383655
D1568_8_28_19_overnight_stability_010 296.4288419913419 1267.2792468450093 603.3620933521921 758.0761444232031
D1568_8_28_19_overnight_stability_011 350.4315476190475 1186.0155842567729 664.6619519094767 730.5247563010508
D1568_8_28_19_overnight_stability_012 309.0246212121212 1179.6079611228051 666.8481848184817 742.954442536569
D1568_8_28_19_overnight_stability_013 346.4856601731601 1152.540637199869 601.3785950023573 739.8764391194396
D1568_8_28_19_overnight_stability_014 406.71022727272725 1346.2824759488321 774.6030174446015 813.2396209698912
D1568_8_28_19_overnight_stability_015 389.1885822510823 1255.459880223631 743.7831211692597 822.9802447031736
D1568_8_28_19_overnight_stability_016 277.4391233766233 1135.390051655166 562.3521923620932 729.4680916632778
D1568_8_28_19_overnight_stability_017 288.7978896103894 1076.4678811922286 528.0183875530408 699.047113912279
D1568_8_28_19_overnight_stability_018 342.63257575757575 1030.806781755222 493.8868458274398 628.0829770279256
D1568_8_28_19_overnight_stability_019 289.9494047619046 1164.3861672576168 621.2946723243756 735.8759191682418
D1568_8_28_19_overnight_stability_020 284.43749999999994 1229.5692240938286 652.0 806.6319442653825
D1568_8_28_19_overnight_stability_021 324.1615259740258 1106.235919762372 430.7934936350781 710.5406113085184
D1568_8_28_19_overnight_stability_022 222.81412337662326 921.9897783479164 412.6548797736919 595.3801309992407
D1568_8_28_19_overnight_stability_023 291.0936147186146 946.2674451200218 460.7388024516737 591.968717093767
D1568_8_28_19_overnight_stability_024 300.6482683982682 852.0010969922611 461.1192833569071 591.2756961913535
D1568_8_28_19_overnight_stability_025 210.72916666666663 880.6056616448833 359.3083451202265 600.6779141986212
D1568_8_28_19_overnight_stability_026 279.4726731601732 996.1220304081929 436.6256482791135 651.9524340723336
D1568_8_28_19_overnight_stability_027 344.4880952380954 1020.5353943130345 516.4460160301745 624.1869800638773
D1568_8_28_19_overnight_stability_028 302.873647186147 920.5817757048359 615.9099481376708 619.6597951190874
D1568_8_28_19_overnight_stability_029 242.38906926406918 862.345919806821 582.0957095709571 572.3617762751878
D1568_8_28_19_overnight_stability_030 234.7675865800864 821.5487261115867 326.4653465346534 488.53546899350494
D1568_8_28_19_overnight_stability_031 259.83766233766215 818.2811752460631 446.2805280528053 545.4449687487038
D1568_8_28_19_overnight_stability_032 313.3417207792207 806.0904553074056 461.40499764262125 488.1669872000873
D1568_8_28_19_overnight_stability_033 241.38176406926414 959.6712674743163 516.4337576614806 603.7767776649946
D1568_8_28_19_overnight_stability_034 342.18804112554113 900.0190271367322 449.27722772277235 600.2298405932756
D1568_8_28_19_overnight_stability_035 229.27083333333337 922.7568667020421 496.0754361150401 617.6542911598841
D1568_8_28_19_overnight_stability_036 309.98051948051966 1000.4842550464111 384.5648279113626 657.5449286891826
D1568_8_28_19_overnight_stability_037 316.14393939393943 1074.513403255818 456.23762376237624 657.9453656277315
D1568_8_28_19_overnight_stability_038 396.9694264069263 1164.1062864023174 599.8802451673737 665.128400510504
D1568_8_28_19_overnight_stability_039 355.3457792207794 1203.4636355079529 531.5926449787835 747.7849664978662
D1568_8_28_19_overnight_stability_040 436.8950216450217 1368.2925415795983 693.3078736445073 817.0808519297577
D1568_8_28_19_overnight_stability_041 392.36553030303037 1305.950552008627 689.989156058463 847.0718393849834
D1568_8_28_19_overnight_stability_042 327.4312770562772 1171.043804487738 630.1089108910891 803.5384994831419
D1568_8_28_19_overnight_stability_043 323.9797077922076 1195.7114848558706 541.4342291371993 751.0070593459797
D1568_8_28_19_overnight_stability_044 358.8357683982684 1107.8528671752572 564.3870815652995 705.2761177163355
D1568_8_28_19_overnight_stability_045 321.7454004329005 1106.0590933671797 438.1089108910891 626.3140010908268
D1568_8_28_19_overnight_stability_046 385.12959956709943 1319.1416272515473 557.6374351720888 793.2502490172011
D1568_8_28_19_overnight_stability_047 416.7337662337661 1232.7751504933703 597.6694955209807 777.8554939552031
D1568_8_28_19_overnight_stability_048 336.4055735930735 1104.8197709986541 720.0094295143799 695.9699706462209
D1568_8_28_19_overnight_stability_049 350.2876082251084 1064.514662579164 573.9448373408771 666.5707532787071
D1568_8_28_19_overnight_stability_050 309.4009740259742 1029.8648484245348 390.1159830268742 632.7205531811812
D1568_8_28_19_overnight_stability_051 317.61715367965377 987.3203848691358 573.6152758132959 596.3818567328553
D1568_8_28_19_overnight_stability_052 261.2564935064934 1025.4243229895173 479.92079207920784 648.4346067805602
D1568_8_28_19_overnight_stability_053 335.8536255411255 1081.7392992935036 675.1834040546911 658.4024650916466
D1568_8_28_19_overnight_stability_054 263.42343073593076 979.2962316247779 502.01980198019794 647.6136363991465
D1568_8_28_19_overnight_stability_055 214.96807359307374 906.055345979155 428.9504950495049 555.5241063651335
