D1568_8_28_19_overnight_stability_006 263.0671708095264 0.35712599983340315 13.745128473762364 0.6163188914933649 108.60798599514 0.9135098214836437 35.261872502894036 0.9309108008050603
D1568_8_28_19_overnight_stability_007 263.8932414975645 0.3433541579299878 14.077939502723392 0.5732197495627639 115.44363619558752 0.9078283410528836 35.59137129574786 0.9233876813618442
D1568_8_28_19_overnight_stability_008 262.8339438130872 0.3346921401636598 12.264070202473004 0.6493246609937701 112.47346048150075 0.8344921255499839 37.21024569845059 0.7959668315388276
D1568_8_28_19_overnight_stability_009 263.19543541696737 0.35093186308387403 14.73618287029001 0.5612010280737867 104.96187338521983 0.8257589490331272 40.22634451343871 0.7122087923041445
D1568_8_28_19_overnight_stability_010 262.8809356836678 0.35334843341776473 12.940476984173 0.6570433641881255 119.1907591835538 0.9814476661972152 36.20383995131303 1.0049106450282668
D1568_8_28_19_overnight_stability_011 263.0169493273482 0.38049367351624047 14.641440836948323 0.611278850464451 115.32271521138502 1.066785529186406 32.12703649371743 1.2534350476107055
D1568_8_28_19_overnight_stability_012 263.1969538526721 0.3658005996942122 15.754833066606444 0.5364712384061633 111.67507254677068 0.872301251409062 38.615486796584 0.788757431134864
D1568_8_28_19_overnight_stability_013 263.00613025213454 0.38007943955146767 14.431758863733641 0.611904298440367 114.2217711259228 0.8785998928745129 40.871993847707074 0.7359782392065329
D1568_8_28_19_overnight_stability_014 263.51429472992396 0.32347636418103193 15.481797828493738 0.4825215131080001 122.18836757292422 0.8695588901772769 38.729731928562806 0.832378760112688
D1568_8_28_19_overnight_stability_015 263.3899906194246 0.3426074184720605 15.657379353817163 0.5029356895952715 117.16419842302722 0.8845636099301162 35.50852588594935 0.912471351303715
D1568_8_28_19_overnight_stability_016 264.152090403041 0.3926885101424635 13.007812307347606 0.7161991687210177 115.3180255696432 1.0786676634345014 31.65020705791859 1.2927317789361248
D1568_8_28_19_overnight_stability_017 262.57742565291744 0.377323751811745 17.34907582708379 0.4936345647816538 116.74905219591362 0.862120335877252 40.61755560916451 0.7439205531780875
D1568_8_28_19_overnight_stability_018 262.3265816794391 0.4333161336576201 13.597593733559183 0.7607375631061799 114.01205199167741 1.2410883369638799 33.19564436336422 1.395696788577089
D1568_8_28_19_overnight_stability_019 262.5041315741922 0.37466426846854234 14.942164264317897 0.5835826672782307 118.58313088465752 0.9221358746020609 37.39669439609628 0.8985102291149011
D1568_8_28_19_overnight_stability_020 262.9331676484706 0.3509769575127262 15.51422691463675 0.5204441539438883 116.52616598901754 0.8500375652674589 39.262570760717054 0.7645197473955884
D1568_8_28_19_overnight_stability_021 262.2649884350565 0.4060234835342421 13.993796058842598 0.6847376422975763 111.72815508570318 1.0402333102342356 38.10513305669181 0.9622082681367048
D1568_8_28_19_overnight_stability_022 262.3689967434313 0.4486029834424736 15.142019859683698 0.6935947518544964 117.16907450716579 1.078235674548266 40.81149198714804 0.9242673802809225
D1568_8_28_19_overnight_stability_023 262.7390992220316 0.44847750732010444 14.872867913045704 0.7079698732432355 107.28836670250675 1.1822965157682368 37.389211959559496 1.1177780645899846
D1568_8_28_19_overnight_stability_024 262.82725310420454 0.5122891457373935 14.425298482261226 0.8383417040507156 121.11928079076606 1.2842095853680273 32.76253298234779 1.5164654383407972
D1568_8_28_19_overnight_stability_025 262.68201230303544 0.482690313398958 15.3589212526218 0.7359542279766595 115.90036923443779 1.1504503512281967 37.69022494593228 1.0880455467388241
D1568_8_28_19_overnight_stability_026 262.03077404130494 0.4357458779456739 15.410245807759416 0.6583292166726417 110.51003694643806 1.0358529769965634 38.797666730921186 0.9287509375384302
D1568_8_28_19_overnight_stability_027 263.0701155914378 0.4310335069964391 14.045775801461863 0.7308132407856144 114.82654303638283 1.224834806704944 33.48282154282503 1.368581939276238
D1568_8_28_19_overnight_stability_028 263.4614115389927 0.4568960012343653 16.273002843787925 0.6423766549321017 117.71621727267295 1.1657434545186227 35.538380066828445 1.2181445857608628
D1568_8_28_19_overnight_stability_029 262.0737540115838 0.47257837361925875 15.896651202804385 0.6902851034822127 120.04180717114642 1.134854069954405 37.70384389116302 1.1151302675598271
D1568_8_28_19_overnight_stability_030 263.265784166233 0.5292826162209234 14.09896409376422 0.8934435790702652 102.13351100273924 1.5292567226104812 38.228706723975826 1.4402243180419838
D1568_8_28_19_overnight_stability_031 262.2349184493092 0.473359920116434 18.043527259126666 0.5917646055959943 111.98433727658062 1.085593832603737 39.66841692428231 0.951178119690993
D1568_8_28_19_overnight_stability_032 261.46071424892637 0.5217721010747703 14.552699333664027 0.8430849032763902 119.46368358476916 1.2996839502012796 40.34930155261114 1.1445286422474752
D1568_8_28_19_overnight_stability_033 261.6588432342759 0.45328629061743564 13.928324932809293 0.772551279881571 116.25669836278519 1.0950095433946503 38.48678550698593 1.0164479698643472
D1568_8_28_19_overnight_stability_034 262.43196771869833 0.49417484271061857 11.45965258634804 1.056066260661501 119.40505464057992 1.2526713739458237 32.95811465736229 1.4485837575901688
D1568_8_28_19_overnight_stability_035 263.18860254790405 0.4982151617058089 10.476418971633844 1.1830631355330568 110.22727217598246 1.2962519882314973 28.96724815233522 1.7197400909168272
D1568_8_28_19_overnight_stability_036 262.99556205261064 0.463445047428433 11.41342792326242 0.989723896848872 100.00867752200425 1.2160556903076885 25.24000234954166 1.9708406214782306
D1568_8_28_19_overnight_stability_037 261.99977253771806 0.4220762900043199 11.659409463725362 0.8705824106786171 111.33273336226075 1.0269046165116622 40.26166744381373 0.8872089995294107
D1568_8_28_19_overnight_stability_038 262.77124365532467 0.37152395182267073 15.60429013466766 0.5489673210899557 119.29259366464645 1.0467791509069657 37.30081993517662 1.030773152256502
D1568_8_28_19_overnight_stability_039 263.7805245861731 0.38849711905883466 11.323023166792611 0.8347921367481947 112.55246042908122 1.1366082867352993 28.541297254444597 1.5394240037533093
D1568_8_28_19_overnight_stability_040 263.1110666829507 0.3669311870018546 7.761721024281151 1.22699609571636 112.65023417091439 1.2811449757583304 9.241965338864805 3.9383610973334098
D1568_8_28_19_overnight_stability_041 262.8712537892273 0.36336836389836535 10.596369054928102 0.8441338100677875 116.68135033354697 1.1027473856945742 18.771846144654646 2.5100275568864987
D1568_8_28_19_overnight_stability_042 262.5201213323004 0.41321281007604105 10.25697311391959 1.0031098967522172 113.76041966643258 1.0697514718365742 25.368370673542454 1.6652924523332795
D1568_8_28_19_overnight_stability_043 262.54047038634894 0.4045077827840294 6.791828897822463 1.577327255231303 103.66693064069366 1.218103294391452 24.28653052510253 2.0187233954382826
D1568_8_28_19_overnight_stability_044 262.7987447410324 0.44230952064801576 7.281823721035793 1.6123703563405203 114.39927433576396 1.3382723479835157 20.689751563016557 2.7156794444715113
D1568_8_28_19_overnight_stability_045 262.7806420163148 0.44123659545550653 4.990589341617811 1.8798977450580008 110.86588849109968 1.3296156552047047 32.302498376104296 1.5302041026823816
D1568_8_28_19_overnight_stability_046 261.26608470335674 0.4026006495827352 7.031454193456473 1.5700260031128062 112.43000913217676 1.3966928290148746 9.244646139560281 3.8871019760993
D1568_8_28_19_overnight_stability_047 263.7857387403325 0.4438860732041592 11.182909630008277 1.0694760144662248 117.51747871578714 1.796648012336117 33.37406832999686 2.710218249493198
D1568_8_28_19_overnight_stability_048 262.8335475005818 0.48117762144225656 8.994030002345756 1.4417905204207098 127.92326582607475 1.8089732738187427 34.83364330748893 2.791375089866161
D1568_8_28_19_overnight_stability_049 262.30121581643897 0.4779074388834091 4.126023323781631 1.7630793850664885 114.06349884235745 1.7417396189322232 22.660633371964927 3.635334179447875
D1568_8_28_19_overnight_stability_050 262.64230175684537 0.4492333976114625 10.944715539544548 1.0117504363145209 110.12049444390422 1.2195578095949071 34.068727449274895 1.3102349053680835
D1568_8_28_19_overnight_stability_051 261.8446256602858 0.49154112539564554 8.124989658714231 1.591374442454101 114.75772995205641 1.7449123799306292 12.060507889863802 4.934046501453816
D1568_8_28_19_overnight_stability_052 261.94743140445894 0.4453932062157022 9.775235765632083 1.1456153675342706 111.70629309872211 1.174227085695117 34.0042845064698 1.274529676332874
D1568_8_28_19_overnight_stability_053 262.33424622224555 0.4409062755423791 8.909911921812261 1.268679586486928 123.42813701049758 1.5685049619437186 9.933824576976598 4.257727196560367
D1568_8_28_19_overnight_stability_054 262.60056981114514 0.4463764895169236 13.545686062615252 0.7908074593423354 114.78859685400516 1.043876375758914 38.74519598903492 0.957419697565118
D1568_8_28_19_overnight_stability_055 262.89524607989324 0.49083620805954575 13.452665113331777 0.8724648240714895 116.98470519816874 1.330595641232707 37.17727357943335 1.3074860955283136
