D1568_8_28_19_overnight_stability_006 263.00121681438793 6.431516454921751 0.0 0.0 105.61406801933092 169.23505417304548 0.0 0.0
D1568_8_28_19_overnight_stability_007 263.86464813341513 6.237289188166049 0.0 0.0 115.21963138723319 39.10291801302539 0.0 0.0
D1568_8_28_19_overnight_stability_008 262.7492714544461 5.919543192563975 0.0 0.0 113.2561935409894 34.87446627106963 0.0 0.0
D1568_8_28_19_overnight_stability_009 263.4077878285788 6.335191205792443 0.0 0.0 107.61250290113706 198.8962875953625 0.0 0.0
D1568_8_28_19_overnight_stability_010 262.80947708532346 6.32183317960157 0.0 0.0 121.25733123215055 49.06840565515191 0.0 0.0
D1568_8_28_19_overnight_stability_011 262.9565472228991 6.9804616291402795 0.0 0.0 9.250627741109376 7466.849834353118 0.0 0.0
D1568_8_28_19_overnight_stability_012 263.20853250440535 6.564273947326353 0.0 0.0 112.18044968478098 55.22224288964956 0.0 0.0
D1568_8_28_19_overnight_stability_013 262.8968257446424 6.790801663978532 0.0 0.0 114.62926169944322 30.032083150150832 0.0 0.0
D1568_8_28_19_overnight_stability_014 263.5112382231311 5.724249497481009 0.0 0.0 123.56287818839336 31.67631426945054 0.0 0.0
D1568_8_28_19_overnight_stability_015 263.3443589809607 6.238352815445989 0.0 0.0 119.06074596934211 34.5609002082504 0.0 0.0
D1568_8_28_19_overnight_stability_016 264.17258977524875 7.022844614359569 0.0 0.0 108.79466013837904 645.3101355809233 0.0 0.0
D1568_8_28_19_overnight_stability_017 262.5647324242903 6.972753261393921 0.0 0.0 117.58435583466196 40.31165342805363 0.0 0.0
D1568_8_28_19_overnight_stability_018 262.2071457011094 8.104638633148076 0.0 0.0 122.33649288154268 322.8003115524448 0.0 0.0
D1568_8_28_19_overnight_stability_019 262.35613278024624 6.817167750652522 0.0 0.0 118.71407334041723 90.4044490257452 0.0 0.0
D1568_8_28_19_overnight_stability_020 262.94114434902843 6.183868093031211 0.0 0.0 116.76986333318403 27.514722799057076 0.0 0.0
D1568_8_28_19_overnight_stability_021 262.26641947639524 7.452543583726422 0.0 0.0 110.55975154352153 196.6637308299531 0.0 0.0
D1568_8_28_19_overnight_stability_022 262.2374753466303 8.400143116421194 0.0 0.0 119.78323283127786 66.23972318737307 0.0 0.0
D1568_8_28_19_overnight_stability_023 262.5278784653346 8.296841622760937 0.0 0.0 105.48268865806544 169.61271484507014 0.0 0.0
D1568_8_28_19_overnight_stability_024 262.9398861406702 9.902112454011522 0.0 0.0 106.94039930243997 1172.9682841465853 0.0 0.0
D1568_8_28_19_overnight_stability_025 262.433214095447 9.29266943453859 0.0 0.0 117.55719023249408 149.94619201676784 0.0 0.0
D1568_8_28_19_overnight_stability_026 261.73756619450114 7.943612454509499 0.0 0.0 111.78301517182128 127.26425506633798 0.0 0.0
D1568_8_28_19_overnight_stability_027 262.9468784186924 7.918409541397526 0.0 0.0 121.14760815564097 729.2160803627027 0.0 0.0
D1568_8_28_19_overnight_stability_028 263.5299276273874 8.518972834748888 0.0 0.0 124.47338022663934 260.8769247005686 0.0 0.0
D1568_8_28_19_overnight_stability_029 261.8926460492605 8.840755339277585 0.0 0.0 125.38138070191918 201.3803262110274 0.0 0.0
D1568_8_28_19_overnight_stability_030 263.35795036040025 10.20868912289427 0.0 0.0 137.0298393085012 1988.6004795437354 0.0 0.0
D1568_8_28_19_overnight_stability_031 262.1210271370979 8.898603045963903 0.0 0.0 102.93713517507317 679.7077362181881 0.0 0.0
D1568_8_28_19_overnight_stability_032 261.1304388734021 9.974000468262506 0.0 0.0 120.5909961503339 476.0503457340728 0.0 0.0
D1568_8_28_19_overnight_stability_033 261.65531793441875 8.73425463310771 0.0 0.0 118.72568041200913 65.78904752817725 0.0 0.0
D1568_8_28_19_overnight_stability_034 262.1129857317545 9.574721394439381 0.0 0.0 126.51659261029513 751.5189919018768 0.0 0.0
D1568_8_28_19_overnight_stability_035 262.9858006245404 9.43836951563065 0.0 0.0 36.38429236354258 4322.152936745752 0.0 0.0
D1568_8_28_19_overnight_stability_036 263.0687085965611 8.61040485822602 0.0 0.0 94.84964541917056 114.61722236872505 0.0 0.0
D1568_8_28_19_overnight_stability_037 261.9135395013815 7.742487104244592 0.0 0.0 102.03117988085943 528.8526800731231 0.0 0.0
D1568_8_28_19_overnight_stability_038 262.7807496379717 6.68259516535386 0.0 0.0 122.87810009599494 180.13495537517326 0.0 0.0
D1568_8_28_19_overnight_stability_039 263.74949947838775 7.184811726425398 0.0 0.0 125.79876460810485 1014.3338496611076 0.0 0.0
D1568_8_28_19_overnight_stability_040 263.12937456977096 6.6642552098818335 0.0 0.0 106.63684867267779 1105.2911792663683 0.0 0.0
D1568_8_28_19_overnight_stability_041 262.8479814706938 6.624206560732938 0.0 0.0 118.53939442802071 87.63034231612967 0.0 0.0
D1568_8_28_19_overnight_stability_042 262.49781290469963 7.510285590060491 0.0 0.0 116.75907809758448 179.80030659183242 0.0 0.0
D1568_8_28_19_overnight_stability_043 262.38732395847984 7.299116511952986 0.0 0.0 116.11021502401282 1202.493555795338 0.0 0.0
D1568_8_28_19_overnight_stability_044 262.68355732545217 8.064271052796817 0.0 0.0 124.14633268500904 320.0853213242966 0.0 0.0
D1568_8_28_19_overnight_stability_045 262.7786368229451 8.180520126181717 0.0 0.0 104.66275949353485 570.5993465700212 0.0 0.0
D1568_8_28_19_overnight_stability_046 261.1938633534576 7.352827790215435 0.0 0.0 88.01481478435201 955.6159806422825 0.0 0.0
D1568_8_28_19_overnight_stability_047 263.5921038538868 8.381934526835138 0.0 0.0 64.73178986694057 2661.580035515951 0.0 0.0
D1568_8_28_19_overnight_stability_048 262.5824097978284 9.080537293554722 0.0 0.0 101.11185641883779 1110.5305725053624 0.0 0.0
D1568_8_28_19_overnight_stability_049 261.9033068147715 9.073708935421589 0.0 0.0 85.21202587920047 1960.4721194727197 0.0 0.0
D1568_8_28_19_overnight_stability_050 262.52286216522185 8.519200757241284 0.0 0.0 110.24598734405714 181.99988287025008 0.0 0.0
D1568_8_28_19_overnight_stability_051 261.71072156256383 9.32904660839784 0.0 0.0 105.21593311634221 714.9772248845973 0.0 0.0
D1568_8_28_19_overnight_stability_052 261.9976634300703 8.372600268298513 0.0 0.0 119.1395766558266 427.8958706013844 0.0 0.0
D1568_8_28_19_overnight_stability_053 262.0173865807875 8.339973490034785 0.0 0.0 122.97647533625006 814.2016229277579 0.0 0.0
D1568_8_28_19_overnight_stability_054 262.4624143158771 8.39435000590414 0.0 0.0 115.06382285941727 94.41342170588163 0.0 0.0
D1568_8_28_19_overnight_stability_055 262.8372219284611 9.245462300810251 0.0 0.0 114.94265398744115 277.35895523624214 0.0 0.0

