D1568_8_28_19_overnight_stability_006 262.9161335623616 0.4506340635967282 7.7517485072769805 1.5248040703166899 108.37263984109828 1.32557735272252 22.89239822572443 2.351674895043224
D1568_8_28_19_overnight_stability_007 263.8089235062556 0.47182796988176834 5.3024599310701035 1.9396714524769432 116.17259285547439 1.1787830947666453 30.32169190192013 1.4896015398349407
D1568_8_28_19_overnight_stability_008 262.64514126976184 0.4401600094785825 3.9615891239272853 1.6776880931528715 113.14570098849325 1.1849411682631863 27.784228932693843 1.6551703039801149
D1568_8_28_19_overnight_stability_009 263.01131607812187 0.459748777598153 6.520999862383464 1.8175491912485446 102.22192677294332 1.5078167953014805 11.600846072379372 4.471354972303725
D1568_8_28_19_overnight_stability_010 262.70140609636474 0.4849972960013902 5.275049342856369 1.9636248805790333 119.8468728083052 1.1884963945595812 33.41629204084789 1.3649783495096834
D1568_8_28_19_overnight_stability_011 262.9305635260376 0.44963770814574766 12.100629025093204 0.9032263523805023 115.61155131589581 1.3115343442285057 29.70997095240321 1.6942319278605802
D1568_8_28_19_overnight_stability_012 262.9825205086683 0.4798327451287865 7.148259565119264 1.7605909632453904 112.23812666172314 1.2833781234547466 28.80087443690438 1.7197028922517033
D1568_8_28_19_overnight_stability_013 262.76621431777585 0.5101398237266871 4.334465868516442 1.825689327654385 116.00946345396113 1.4150620996015397 27.456695711042034 2.0287479545349068
D1568_8_28_19_overnight_stability_014 263.3922441446035 0.4207942622129256 9.291858595035267 1.1332006513890494 123.87912357543017 1.2108207772529436 33.6509675921078 1.4147567789382915
D1568_8_28_19_overnight_stability_015 263.19745998184857 0.47407059091705367 6.289896729969191 1.8954367550981674 117.8920085375286 1.0675528965622036 31.430840736473865 1.3099896124640544
D1568_8_28_19_overnight_stability_016 264.1261522715013 0.511733238419105 8.083017207863767 1.6577651803462914 115.69352964256755 1.308178675855709 28.302341975050645 1.8067748189624444
D1568_8_28_19_overnight_stability_017 262.21324229146046 0.5257998964653873 9.151460471236893 1.477521494534538 118.22533708868139 1.1469816737776009 33.82843038929094 1.2804085506544858
D1568_8_28_19_overnight_stability_018 262.20041023082723 0.5416924312920869 10.531818814278527 1.2823782999687012 114.71138481212951 1.6282340014495669 25.146998434629793 2.6183612977173265
D1568_8_28_19_overnight_stability_019 262.2112518165534 0.4943439195558483 6.702789140760983 1.8670905700678457 119.18449887363029 1.1817261377426562 34.86603419453424 1.2748088175706622
D1568_8_28_19_overnight_stability_020 262.73112576140693 0.45478175867190795 9.416199253267475 1.2368332374849313 117.53752052948208 1.1968138187720778 34.25403682116283 1.3094094608902254
D1568_8_28_19_overnight_stability_021 262.08672065196055 0.5055834711035768 9.766472845217073 1.3210576147139161 112.38884398370968 1.4868990033047143 25.808682503009205 2.307405547583352
D1568_8_28_19_overnight_stability_022 262.0717110577879 0.5955858225891082 7.653132717936927 2.01931705934119 118.64092975821131 1.4564330997817856 34.54760985759467 1.5792617687129933
D1568_8_28_19_overnight_stability_023 262.5088178623081 0.5907816359319625 7.9156569428015695 1.955308829280603 106.1515222171587 2.1171590544512977 11.182180053056983 4.729755473576018
D1568_8_28_19_overnight_stability_024 262.6439752959496 0.6639749147767596 8.568013064771828 2.001851596683441 120.96057070715662 1.4885611765020468 33.34061559817136 1.722526768958459
D1568_8_28_19_overnight_stability_025 262.43659383553864 0.6297011134584183 8.463246936569458 1.9424680897999835 117.43520162195314 1.6092735823488027 27.760497860092347 2.3317051950901058
D1568_8_28_19_overnight_stability_026 261.6492490775346 0.5588712831746088 7.1037740043915925 2.0114015683250503 110.83629558120808 1.5093934449084503 25.97739559795599 2.300478727135244
D1568_8_28_19_overnight_stability_027 262.9202569906238 0.5292057192482694 8.053947242701687 1.7417623067055306 115.24795788851144 1.475206409779443 29.730449438253384 1.8962655065166745
D1568_8_28_19_overnight_stability_028 263.3147586966829 0.603666303821255 9.93878968240123 1.5311875304540632 118.0069661622794 1.4870032136600222 34.08544895027251 1.6346920172774344
D1568_8_28_19_overnight_stability_029 261.5586130764828 0.6365343011783569 4.706848777449995 1.9922983651477806 120.8377497770777 1.4588477269810758 34.788977017289795 1.6107133435023875
D1568_8_28_19_overnight_stability_030 263.0811652675808 0.7640785529794661 5.498992519830903 2.271995099178219 95.95423157958379 3.255724727936745 27.521176959106292 6.087733207812988
D1568_8_28_19_overnight_stability_031 261.7118321259108 0.6982237910153125 7.958418402773988 2.2341520262513925 112.67954516435428 1.631038720308834 29.611626842852495 2.1207672717360726
D1568_8_28_19_overnight_stability_032 260.7185494796305 0.7803537300417748 9.011932081100555 2.3939799955323533 121.0544324840886 1.7885769325161107 34.89985772280727 1.9543691813613748
D1568_8_28_19_overnight_stability_033 261.3292734788654 0.6293005647792901 6.812870415196886 2.245386766286697 117.96907111145032 1.6058921024160548 28.489960554263387 2.2458341071488213
D1568_8_28_19_overnight_stability_034 262.12825496183603 0.7049700111595691 7.393152862474861 2.4244276085620515 119.46151411827655 1.4079799810416533 32.72419860636381 1.6634801650364814
D1568_8_28_19_overnight_stability_035 263.1345267625655 0.5884641696695507 7.0449772055766635 2.0898157111206044 110.2387525583387 1.525584725792713 26.768323173919235 2.234652968932993
D1568_8_28_19_overnight_stability_036 262.9399699906718 0.5752032231084991 8.754781666748093 1.709619936642941 97.37039900456455 1.7872851434317543 17.753197039667548 4.828071912392676
D1568_8_28_19_overnight_stability_037 261.7766381764226 0.5183508114575249 4.75880255206919 1.94706360747171 112.12847708213516 1.6984013474108792 23.893552606697032 2.9110368481817734
D1568_8_28_19_overnight_stability_038 262.6387108571316 0.4547059094354423 12.355327285472502 0.8903090295794392 120.32891094976821 1.3118937145140919 33.09707787264666 1.529613870263542
D1568_8_28_19_overnight_stability_039 263.76979182410054 0.4410981894499139 10.797870477169662 1.0039303032540614 112.63272006472256 1.3229426340681931 26.919325572238293 1.9284912749585015
D1568_8_28_19_overnight_stability_040 263.12457510402015 0.40987767787832413 8.749434962604193 1.1934805515241262 111.92590112801356 1.145775276126786 29.688746633883465 1.4724307398214738
D1568_8_28_19_overnight_stability_041 262.8227975592717 0.426481920974741 8.575421520262095 1.27636086197548 115.17080011158261 1.0100238919719164 33.77768134055358 1.1169207601803621
D1568_8_28_19_overnight_stability_042 262.4782735910262 0.5104188561919809 8.534042107273159 1.555239933548556 113.6074722456387 1.327071397313648 27.680557902515005 1.8759302991338704
D1568_8_28_19_overnight_stability_043 262.56759465561566 0.4697106954746871 8.062182283642665 1.5260190993120786 103.14833520084193 1.5397918659813121 16.062856028574316 4.171238919194194
D1568_8_28_19_overnight_stability_044 262.73565223643027 0.5117454299071406 4.242680965735043 1.8018009707779643 113.89551277956282 1.3084275429892849 28.632076839764366 1.7744546762143412
D1568_8_28_19_overnight_stability_045 262.81797386146496 0.5189559944933504 7.200039989758674 1.86443753721097 111.06762194035768 1.6748726277929407 24.059493071582917 2.8169246740842713
D1568_8_28_19_overnight_stability_046 261.47323010188944 0.42445255150275535 6.255321238928707 1.753824531975047 112.02795246216927 1.4864569269309216 24.206193343737546 2.46656010855625
D1568_8_28_19_overnight_stability_047 263.8680168482342 0.4585968000593567 7.718439264515948 1.5542728587937198 114.56337018803187 1.318758486154264 28.139174172506983 1.8366000029818783
D1568_8_28_19_overnight_stability_048 262.79674863700143 0.5519354419743812 10.679089167189387 1.4020862620127408 119.33032353269732 1.0311254480068612 36.33071593474771 1.056501501726209
D1568_8_28_19_overnight_stability_049 262.33318873186204 0.5151454901048268 4.56489462119262 1.8986228772425722 112.73707741838642 1.4211008965235357 28.182337131415416 1.9478737154205974
D1568_8_28_19_overnight_stability_050 262.59147903091053 0.5374017587614802 9.24908132416822 1.4991144133014218 110.18147325970608 1.55359706746495 28.552707190639364 2.090203785709072
D1568_8_28_19_overnight_stability_051 261.85029676845477 0.5480462216155181 8.223880304567542 1.7525856366285972 113.7406703119629 1.6959953291811705 25.792941354417618 2.6459718302248003
D1568_8_28_19_overnight_stability_052 261.96251541817554 0.5096237726396984 10.11425551768116 1.2705291782359804 111.83949888564477 1.5068050842018168 31.252082301072072 1.823156011540485
D1568_8_28_19_overnight_stability_053 262.1815812551582 0.535052795022526 4.574719947330099 1.9395575417614639 119.57590308016671 1.2302686590743652 33.6635700454909 1.394226911312471
D1568_8_28_19_overnight_stability_054 262.3903463634621 0.5822696590819204 6.498825358686458 2.160063168713034 116.16887853003315 1.4511441244946677 28.691575033963616 1.9805882376100044
D1568_8_28_19_overnight_stability_055 262.7400309981102 0.6230870694131835 7.905186669560341 2.0534464831402635 118.36765173874255 1.8254949509224554 29.55897255367726 2.4412862194683806
