D1542_9_12_dipole_scan_055 193.64844199336645 1.8763247226066435 67.53131226722307 181.12305579757893 1.823791155487761 65.5063854997088 27.66406314190949 9.64733032388901 25.87472225679699 9.358055071386971
D1542_9_12_dipole_scan_056 209.9931889115252 1.3086551068534436 61.68591557981821 180.0857558118775 1.2799858383367597 57.55252778196868 29.999026987360743 8.812273654259743 25.726536544553927 8.221789683138383
D1542_9_12_dipole_scan_057 180.19411619399395 1.1987600868296286 48.49119268403735 216.97022982103013 1.1490400076045584 54.30272785041999 25.74201659914199 6.927313240576764 30.995747117290016 7.757532550059999
D1542_9_12_dipole_scan_058 190.54989722608204 2.235219657391765 64.6447045462004 186.39158725937307 2.1331232578786508 61.07062073533567 27.22141388944029 9.234957792314342 26.627369608481864 8.724374390762238
D1542_9_12_dipole_scan_059 211.1654826077171 1.1739509842479856 63.621726380335524 178.54726476282164 1.1585079590051335 59.283289133385715 30.16649751538816 9.088818054333645 25.506752108974517 8.469041304769387
D1542_9_12_dipole_scan_060 179.30886828241066 1.236802169776211 44.098208547068566 215.35538788248738 1.1731135145905622 51.95182430967747 25.615552611772948 6.299744078152652 30.76505541178391 7.421689187096781
D1542_9_12_dipole_scan_061 191.24857568791396 2.2979410729586194 67.93458238518312 187.39940008510936 2.217443556020317 65.39468206221815 27.32122509827342 9.704940340740444 26.771342869301336 9.342097437459735
D1542_9_12_dipole_scan_062 197.65873008433928 1.7050915226482761 58.39997050314348 181.93578194174688 1.6528958033500691 56.189839767588964 28.236961440619897 8.342852929020497 25.990825991678125 8.027119966798423
D1542_9_12_dipole_scan_063 181.12618093142135 1.434698199369807 44.12207390269467 223.61806154006283 1.3768200573933218 55.69931721170176 25.87516870448876 6.303153414670668 31.945437362866116 7.957045315957394
D1542_9_12_dipole_scan_064 190.12104060099824 1.8855060235825107 70.41065177703422 187.6077901893885 1.8282383046672035 66.34357453674224 27.16014865728546 10.058664539576316 26.801112884198357 9.47765350524889
D1542_9_12_dipole_scan_065 200.94909164232175 1.354910687844004 60.175432798418775 181.19574581010983 1.3232420957808904 54.402766518331404 28.70701309176025 8.59649039977411 25.8851065443014 7.771823788333057
D1542_9_12_dipole_scan_066 179.26556584878645 1.3147561475727199 45.39158017980379 220.69517069609995 1.2583113248858502 48.78096128761778 25.609366549826635 6.484511454257683 31.527881528014277 6.968708755373968
D1542_9_12_dipole_scan_067 190.20172698922974 1.9447550483864195 68.08909644661055 182.05863150843223 1.876130057395871 63.883569618819564 27.171675284175677 9.72701377808722 26.00837592977603 9.126224231259938
D1542_9_12_dipole_scan_068 203.22155909924186 1.2158531707133966 60.39625385144487 182.26481194202796 1.1925261998489174 56.04374652334953 29.031651299891692 8.628036264492124 26.037830277432565 8.006249503335647
D1542_9_12_dipole_scan_069 178.6029382353691 1.1401956796626382 47.300755179846156 216.95695635169625 1.0774047909326374 57.22834026252465 25.514705462195582 6.757250739978022 30.993850907385177 8.175477180360664
D1542_9_12_dipole_scan_070 189.3238015980354 1.801475693822823 68.80734312627882 181.15782940449841 1.7393605094961313 66.6901374660912 27.046257371147913 9.82962044661126 25.879689914928342 9.527162495155885
D1542_9_12_dipole_scan_071 200.8041457185837 1.2466394780945977 60.64423711913131 179.83008442536712 1.2302848180595538 56.410689702757296 28.68630653122624 8.663462445590186 25.69001206076673 8.058669957536756
D1542_9_12_dipole_scan_072 177.8933612834135 1.2641693512584786 43.62636548821132 218.38069619577254 1.201982499851977 50.10851217033694 25.413337326201926 6.232337926887331 31.19724231368179 7.158358881476705
D1542_9_12_dipole_scan_073 186.4389803766142 2.283972171304897 65.00828739253437 186.8009153749841 2.193361192327324 60.09327437196118 26.634140053802028 9.28689819893348 26.685845053569157 8.58475348170874
D1542_9_12_dipole_scan_074 192.29935469422907 1.4447175685998994 58.499623520074216 180.91519285548478 1.4188187167163875 53.50299560415861 27.471336384889867 8.357089074296317 25.845027550783538 7.6432850863083726
D1542_9_12_dipole_scan_075 177.687724930821 1.2849860847531958 46.49307971064178 220.46195305114873 1.2254571625949486 54.52967921804951 25.383960704403 6.641868530091682 31.494564721592674 7.789954174007073
D1542_9_12_dipole_scan_076 186.44164415576552 2.33422333087289 65.608961308744 188.58320697725907 2.2418786002095854 61.62605150970787 26.634520593680787 9.372708758392 26.940458139608438 8.80372164424398
D1542_9_12_dipole_scan_077 191.2395144155142 1.4314133668625404 61.32963112248509 178.2095103070233 1.4073341999847524 56.092507068988674 27.31993063078774 8.761375874640727 25.458501472431898 8.01321529556981
D1542_9_12_dipole_scan_078 175.92184631675556 1.4936802612740123 39.45593821189589 226.38579367453548 1.4372392965330836 49.366874917110295 25.13169233096508 5.636562601699413 32.34082766779078 7.052410702444328
D1542_9_12_dipole_scan_079 185.21359463776895 2.1262743983589787 65.07797879245845 182.49553053305507 2.0547074213035468 59.67733659301748 26.459084948252706 9.296854113208349 26.070790076150722 8.525333799002496
D1542_9_12_dipole_scan_080 190.72624937902958 1.3180589471319457 59.17581521013223 179.99468977416672 1.2831177081284817 55.335744236823516 27.24660705414708 8.453687887161747 25.713527110595244 7.905106319546216
D1542_9_12_dipole_scan_081 176.07648422029573 1.3274152088114124 43.09644422970204 219.4377072566558 1.265409594671762 53.98627162123491 25.153783460042245 6.1566348899574335 31.34824389380797 7.7123245173192725
D1542_9_12_dipole_scan_082 184.1643532597054 2.366520701303756 60.04524041923771 189.84981948336204 2.280966460009203 58.2635775024379 26.309193322815055 8.577891488462528 27.121402783337434 8.323368214633986
D1542_9_12_dipole_scan_083 180.86304647348575 1.7499955859240444 54.40260476632785 178.58092726204507 1.688086022196753 40.2692132975147 25.83757806764082 7.7718006809039775 25.51156103743501 5.7527447567878145
D1542_9_12_dipole_scan_084 175.51021758512636 1.4227136839907553 37.92914903169132 226.0470844200913 1.3673381516662826 46.86435759349507 25.072888226446622 5.4184498616701875 32.292440631441615 6.694908227642153
D1542_9_12_dipole_scan_085 183.44574921374627 2.312871393616286 65.83412231415183 184.76457926452107 2.210046141850351 57.04722574863769 26.20653560196375 9.404874616307403 26.394939894931582 8.149603678376813
D1542_9_12_dipole_scan_086 184.06621831122033 1.5941522856642822 56.61880222572799 178.46355188244738 1.5443109115019695 48.48066045094461 26.295174044460044 8.08840031796114 25.49479312606391 6.92580863584923
D1542_9_12_dipole_scan_087 176.66580477007315 1.8295773058017464 40.76602545364065 225.36826736396975 1.734788963219446 43.262752781635655 25.23797211001045 5.823717921948664 32.19546676628139 6.1803932545193785
D1542_9_12_dipole_scan_088 182.11165121894453 2.69564334565009 59.65782254853014 191.1956229886371 2.538595255732923 54.51501255379082 26.015950174134932 8.522546078361449 27.313660426948154 7.787858936255831
D1542_9_12_dipole_scan_089 186.6206651705174 1.3990600721765378 56.28895735589684 176.02437890471816 1.3681531183982927 48.91432057511924 26.660095024359627 8.041279622270977 25.146339843531166 6.987760082159891
D1542_9_12_dipole_scan_090 173.88253013432947 1.336474482607599 43.47483184437244 218.11660184870988 1.2664650475533454 51.01647847093234 24.840361447761353 6.210690263481776 31.159514549815697 7.288068352990334
D1542_9_12_dipole_scan_091 180.8719003420074 2.6913535591519056 64.32867086372352 188.83063096282095 2.5486581331740057 57.82510212695264 25.838842906001055 9.189810123389073 26.975804423260133 8.260728875278948
D1542_9_12_dipole_scan_092 179.57616429582603 1.529330106014954 55.176402621201404 176.58453538280892 1.4700497058146027 47.47953686594124 25.653737756546576 7.8823432316002 25.22636219754413 6.782790980848748
D1542_9_12_dipole_scan_093 174.06136552463025 1.2706782416245461 48.309828305385814 218.1884577649409 1.1960843681314586 54.86034430031104 24.865909360661462 6.9014040436265445 31.16977968070584 7.837192042901577
D1542_9_12_dipole_scan_094 178.79364184058156 2.413227609706979 62.40524877620608 186.38002075127494 2.2769913515167675 54.006351662944695 25.541948834368792 8.91503553945801 26.625717250182134 7.715193094706384
D1542_9_12_dipole_scan_095 171.18389751037952 1.8908573984560568 49.82498363237975 183.58515656276896 1.7716716630009515 45.237046264829004 24.454842501482787 7.1178548046256775 26.22645093753842 6.462435180689857
D1542_9_12_dipole_scan_096 172.83036949564908 1.5332041832885326 37.129978239239776 225.5587197690001 1.4568406103839444 48.364436797234035 24.690052785092725 5.304282605605682 32.2226742527143 6.909205256747719
D1542_9_12_dipole_scan_097 177.83485175187286 2.35832080057119 59.8700809320776 191.1807711661481 2.213735333546406 48.802796355899645 25.404978821696123 8.552868704582513 27.311538738021156 6.971828050842806
D1542_9_12_dipole_scan_098 169.8893752035002 1.6984577895496569 53.10040082349601 179.66039161108148 1.5732985587870962 40.921399718964125 24.269910743357173 7.585771546213715 25.665770230154497 5.845914245566303
D1542_9_12_dipole_scan_099 170.96952965361808 1.2689417918679498 42.13436052899748 221.42996890190517 1.1936500901176614 51.74478264012227 24.424218521945438 6.019194361285354 31.632852700272167 7.392111805731752
D1542_9_12_dipole_scan_100 176.76432204243557 2.443973589622419 61.829591633410296 189.8965911681581 2.3074898016652883 55.12479304408219 25.252046006062223 8.8327988047729 27.128084452594013 7.874970434868883
D1542_9_12_dipole_scan_101 166.3036663267508 1.6874010818338494 53.76187776566961 185.10996175719256 1.545508299093973 41.753009766619414 23.757666618107255 7.680268252238515 26.444280251027507 5.9647156809456305
D1542_9_12_dipole_scan_102 171.5410396277237 1.499389254202669 34.187218948492145 230.73410812171198 1.4323631047820935 47.46655129570012 24.50586280396053 4.883888421213164 32.962015445958855 6.780935899385732
D1542_9_12_dipole_scan_103 172.6316701192017 2.8191772657391283 54.3609493994491 189.20431085437673 2.6357033064883977 47.54176943051027 24.661667159885955 7.765849914207013 27.02918726491096 6.791681347215753
D1542_9_12_dipole_scan_104 161.7310688917152 1.9066709293492745 46.97918332277869 182.42106018819007 1.7330200374676465 28.990392436692254 23.104438413102173 6.7113119032540975 26.060151455455724 4.141484633813179
D1542_9_12_dipole_scan_105 167.46591325236824 1.3608249422015315 34.495804504819304 220.9195222528702 1.270997831295328 46.95880099500188 23.92370189319546 4.9279720721170435 31.559931750410026 6.708400142143125
D1542_9_12_dipole_scan_106 173.61406888301178 2.3034425267586807 61.691730959378155 187.41512969410985 2.156857900576324 56.75645474421156 24.80200984043025 8.813104422768307 26.773589956301407 8.108064963458794
D1542_9_12_dipole_scan_107 159.48614598035033 1.8908756230273889 51.729833400087024 183.91288508121986 1.7059396774809146 38.26639505458379 22.783735140050045 7.389976200012431 26.27326929731712 5.466627864940541
D1542_9_12_dipole_scan_108 170.37010299174668 1.272091334688086 45.24060621780945 221.7612031071516 1.1985012353809166 51.99793515397371 24.338586141678096 6.46294374540135 31.680171872450227 7.428276450567672
D1542_9_12_dipole_scan_109 172.2056774731772 2.39576825758596 60.01530581525434 184.070796151671 2.215952783839645 55.08642531618148 24.60081106759674 8.573615116464905 26.295828021667283 7.869489330883068
D1542_9_12_dipole_scan_110 161.73735323467034 1.6091288284809337 51.633991031784994 182.5257993290798 1.4824913240583082 41.66337470878878 23.105336176381474 7.376284433112142 26.075114189868543 5.951910672684111
D1542_9_12_dipole_scan_111 168.71208462755553 1.19864024431695 41.763164706192526 221.6498355235094 1.1211130064344348 48.97869085433889 24.101726375365075 5.966166386598932 31.6642622176442 6.996955836334127
D1542_9_12_dipole_scan_112 171.66098508993346 2.4960985690527484 56.654899917227404 183.54226488135117 2.355033389649685 52.71854323427937 24.522997869990494 8.093557131032485 26.22032355447874 7.53122046203991
D1542_9_12_dipole_scan_113 160.87429827537701 1.604568456724736 46.98161370626688 180.7141066883958 1.4627595594195697 39.85625074831738 22.982042610768143 6.711659100895268 25.81630095548511 5.693750106902482
D1542_9_12_dipole_scan_114 167.60102083350773 1.3008116047638063 40.506078502635425 218.2514988368072 1.2037537847519597 51.074331394379435 23.94300297621539 5.786582643233632 31.178785548115314 7.296333056339919
D1542_9_12_dipole_scan_115 170.82933499999183 2.3906142158863912 58.820987084459496 181.96760520078533 2.23994431877209 54.59755641688875 24.404190714284546 8.402998154922784 25.995372171540758 7.7996509166983925
D1542_9_12_dipole_scan_116 148.80170590805145 2.1691631941791605 49.117820794158504 179.68911689251428 1.9155387667664634 36.91720806996174 21.257386558293064 7.0168315420226435 25.66987384178775 5.273886867137391
D1542_9_12_dipole_scan_117 168.61060181691983 1.3188735824204445 39.367308303425155 224.58133167930308 1.234146928791874 49.13071429277165 24.087228830988543 5.623901186203593 32.08304738275758 7.0186734703959495
D1542_9_12_dipole_scan_118 165.94902119765646 3.421063909097671 55.14309773499622 186.3188949553035 3.1475746885878944 50.277579311874284 23.707003028236635 7.877585390713745 26.616984993614786 7.182511330267754
D1542_9_12_dipole_scan_119 149.23614368684633 1.8079713349591795 47.1452926904025 181.8999318938528 1.5886657034358531 37.34445588975119 21.319449098120902 6.735041812914642 25.985704556264682 5.334922269964455
D1542_9_12_dipole_scan_120 167.64972954151352 1.3762466744824788 39.37183103732102 223.7777611230352 1.2798637581193606 49.884913749011375 23.94996136307336 5.62454729104586 31.968251589005025 7.126416249858767
D1542_9_12_dipole_scan_121 166.5303556268789 2.7930470311523994 57.41730555990263 190.23301519602168 2.552557890839786 51.91540009633544 23.79005080383984 8.202472222843232 27.176145028003095 7.4164857280479195
D1542_9_12_dipole_scan_122 145.679550426148 2.012157880226815 49.63531363779695 181.15451543201561 1.7517211403929103 37.75662454103292 20.811364346592573 7.090759091113849 25.879216490287945 5.393803505861846
D1542_9_12_dipole_scan_123 164.11180632283435 1.1559657522501898 39.101843641854174 216.95921861286953 1.064280515235989 47.8305822185043 23.444543760404905 5.585977663122025 30.99417408755279 6.832940316929185
D1542_9_12_dipole_scan_124 164.0166636049872 2.4751285377122954 52.03891033624811 184.12987388725776 2.257151407010164 45.305988466269184 23.4309519435696 7.434130048035444 26.30426769817968 6.472284066609883
D1542_9_12_dipole_scan_125 135.78248515326527 2.4348795848342686 39.84712523466966 180.7604439360333 2.0487652664742124 14.662732611777278 19.397497879037896 5.692446462095666 25.82292056229047 2.094676087396754
D1542_9_12_dipole_scan_126 165.6472289850503 1.5135974694932819 35.16481899565446 225.98871782919943 1.4223146378142868 47.179267639397665 23.663889855007184 5.023545570807779 32.28410254702849 6.739895377056809
D1542_9_12_dipole_scan_127 162.85499601839993 2.8373313713319384 48.90912623015217 186.72986585089473 2.584036131365638 45.36312938791875 23.26499943119999 6.987018032878881 26.675695121556387 6.480447055416963
D1542_9_12_dipole_scan_128 138.0519122515846 2.126485142779007 44.29574137174551 179.58806511927438 1.7971388801549604 23.527972436790815 19.721701750226373 6.327963053106501 25.655437874182052 3.3611389195415446
D1542_9_12_dipole_scan_129 164.18329984846227 1.3839681119381821 36.60597270052525 224.80635782788806 1.2754818228016231 46.7298701948113 23.454757121208893 5.229424671503607 32.11519397541258 6.6756957421158996
D1542_9_12_dipole_scan_130 164.7016796405854 2.5895535422157403 62.558666731310346 185.44783952721778 2.3674685703952494 50.22015638346528 23.528811377226486 8.936952390187193 26.49254850388825 7.174308054780754
D1542_9_12_dipole_scan_131 133.87335954877406 2.2973981481200165 43.68173549610717 179.45617013821177 1.9322178527315381 35.00301037857132 19.124765649824866 6.24024792801531 25.63659573403025 5.000430054081616
D1542_9_12_dipole_scan_132 164.46635325952343 1.610523667447602 35.58718383923083 226.7526447132447 1.5056769948296918 45.11704818900981 23.49519332278906 5.083883405604404 32.393234959034956 6.4452925984299725
D1542_9_12_dipole_scan_133 164.9845118439457 2.9554616939648928 61.00616299382423 179.12064028316846 2.7278317229023017 37.29779852685163 23.569215977706527 8.71516614197489 25.58866289759549 5.328256932407375
D1542_9_12_dipole_scan_134 130.9986400281475 2.4141964321092892 50.101141127461425 177.15462452670056 1.986488135296074 23.959069315770044 18.714091432592497 7.157305875351632 25.307803503814363 3.422724187967149
D1542_9_12_dipole_scan_135 164.01261357459876 1.4501057652805114 38.43801776151844 225.4381244391588 1.348218694481062 49.0056297112327 23.43037336779982 5.491145394502634 32.205446348451254 7.000804244461814
D1542_9_12_dipole_scan_136 162.1332454474006 3.146364033380418 57.87850698101302 188.22354406270236 2.8569715721274327 41.43139699284362 23.161892206771515 8.268358140144716 26.889077723243194 5.918770998977659
D1542_9_12_dipole_scan_137 129.80222914789738 2.340978449842613 53.28587991018542 184.64924862252883 1.8845324475324923 30.950183758969256 18.543175592556768 7.612268558597917 26.378464088932688 4.421454822709894
D1542_9_12_dipole_scan_138 161.88877564441324 1.2990828174628595 39.242029100347494 222.41688556533433 1.196919405191741 46.231394604563214 23.12696794920189 5.606004157192499 31.77384079504776 6.60448494350903
D1542_9_12_dipole_scan_139 159.95072626503446 2.48750262873764 58.16810130871418 183.5430527529845 2.2731794703519896 44.609445108314475 22.850103752147778 8.30972875838774 26.220436107569213 6.3727778726163535
D1542_9_12_dipole_scan_140 124.36342092869013 2.3438169978424797 46.37521474036508 178.72797560650432 1.8841109870083645 31.171166888870065 17.766202989812875 6.625030677195011 25.53256794378633 4.453023841267152
D1542_9_12_dipole_scan_141 163.71409664884553 1.3490177131689502 41.7770851079599 230.76517631831518 1.2673335888913313 49.930104876716335 23.387728092692218 5.968155015422842 32.96645375975931 7.13287212524519
D1542_9_12_dipole_scan_142 154.76168076532988 3.10778544094178 46.652912227938025 184.9724814447672 2.7853428370809787 41.56238105755909 22.10881153790427 6.664701746848289 26.424640206395313 5.937483008222726
D1542_9_12_dipole_scan_143 124.34280925208185 2.259385460361772 50.243070750213114 179.47154176126196 1.8131071758909802 27.480369188345563 17.76325846458312 7.17758153574473 25.63879168018028 3.9257670269065086
D1542_9_12_dipole_scan_144 161.3797181698584 1.5975013574876247 34.130114858085804 225.04577971932176 1.4791084111908779 48.00749298142393 23.054245452836913 4.875730694012257 32.14939710276025 6.858213283060561
