D1568_8_28_19_overnight_stability_006 263.0638447282942 0.3580379707308146 13.741393823719788 121.12050278443864 1.43602798670699 54.161740527977784 32.08095667418222 1.675779734599974 14.770793022492517 6.605090308289974
D1568_8_28_19_overnight_stability_007 263.8898216021821 0.3429547344469929 14.082835123914268 127.87700958280972 1.3816655149859975 53.04441206409075 32.18168556124172 1.7174189175505206 15.594757266196307 6.468830739523262
D1568_8_28_19_overnight_stability_008 262.8327137689886 0.3326793763366431 12.26326868826715 125.86229745351139 1.287514871188365 56.06828103438571 32.05276997182788 1.4955205717398963 15.349060665062364 6.837595248095819
D1568_8_28_19_overnight_stability_009 263.20045047047057 0.3514576411471653 14.733140948154304 121.74530417817108 1.269245920593158 62.425623050530625 32.097615911032996 1.7967245058724761 14.846988314411107 7.612880859820808
D1568_8_28_19_overnight_stability_010 262.87894016331484 0.354358138266024 12.941799197308358 136.51442471368554 1.388697813199348 56.70490286484387 32.05840733698961 1.578268194793702 16.6481005748397 6.915232056688277
D1568_8_28_19_overnight_stability_011 263.0172623196683 0.3793627119105128 14.642032069564427 128.14548852623076 1.6282182003402415 51.5988858829783 32.07527589264247 1.7856136670200522 15.627498600759848 6.2925470588997925
D1568_8_28_19_overnight_stability_012 263.1959529950854 0.3673532298389106 15.75462088810763 129.25527954409876 1.2991009724978009 61.14190897930499 32.09706743842505 1.9212952302570279 15.762838968792531 7.456330363329877
D1568_8_28_19_overnight_stability_013 263.0085939622331 0.37764838766193687 14.433907012924042 130.79696062681504 1.3032162612338538 60.72898956352875 32.07421877588208 1.7602325625517123 15.950848856928662 7.405974337015701
D1568_8_28_19_overnight_stability_014 263.5185323677238 0.32462781876120483 15.481992275758337 144.2935561125598 1.1724505502783777 62.58423108364273 32.13640638630778 1.8880478385071142 17.596775135678023 7.63222330288326
D1568_8_28_19_overnight_stability_015 263.38428997717006 0.3414038409409518 15.659401576705337 135.92731159670294 1.2587704099852428 58.91333321593992 32.12003536306952 1.909683119110407 16.576501414232066 7.184552831212185
D1568_8_28_19_overnight_stability_016 264.15536920111157 0.3905773978160695 13.011599944622358 133.3623899453782 1.5724360019738535 56.640771401222345 32.2140694147697 1.586780481051507 16.26370609089978 6.90741114649053
D1568_8_28_19_overnight_stability_017 262.57890625789565 0.3785464172157039 17.348908391216277 135.22725861907642 1.2320312761643664 61.83456572060592 32.02181783632874 2.11572053551418 16.491129099887367 7.540800697634868
D1568_8_28_19_overnight_stability_018 262.326182414379 0.43709207957817214 13.60405027659921 128.76376434270148 1.8739719735521252 54.91447456474455 31.990997855412072 1.6590305215364891 15.70289809057335 6.696887142042018
D1568_8_28_19_overnight_stability_019 262.50419160277085 0.37234461909143424 14.94539116619115 135.82825622763625 1.320336544752192 58.761536927572145 32.012706293020834 1.8226086788037987 16.564421491175153 7.16604108872831
D1568_8_28_19_overnight_stability_020 262.93326179779 0.34891284588471383 15.514044420788512 130.3566756470372 1.2765188211504774 57.12796534045066 32.065031926559755 1.8919566366815257 15.897155566711854 6.966825041518373
D1568_8_28_19_overnight_stability_021 262.262929860991 0.4041725384740687 13.990302952904909 122.42777771797496 1.661910317238243 53.493690744256774 31.983284129389144 1.706134506451818 14.930216794874996 6.523620822470338
D1568_8_28_19_overnight_stability_022 262.36805173190186 0.45160767744931796 15.143839917250173 130.83140197181706 1.6150774099959027 56.866449386653734 31.99610386974413 1.8468097460061186 15.9550490209533 6.9349328520309435
D1568_8_28_19_overnight_stability_023 262.73548425444073 0.45201744764970053 14.870947354564706 121.55868696587376 1.8332787052162578 57.62371352459979 32.04091271395619 1.8135301651908178 14.824230117789483 7.027282137146316
D1568_8_28_19_overnight_stability_024 262.8246697042217 0.5115316316501937 14.419607754878493 127.75884893502625 2.0246172741468262 42.81374479216414 32.05178898831972 1.7584887505949383 15.580347431100762 5.221188389288309
D1568_8_28_19_overnight_stability_025 262.6828771812788 0.48385396066327085 15.364113219843574 126.02874982468255 1.792417411700013 51.257689284504295 32.034497217229124 1.8736723438833627 15.369359734717383 6.250937717622475
D1568_8_28_19_overnight_stability_026 262.02963816514404 0.43475969004497256 15.407702778792482 122.62572089236967 1.6168013781504136 54.72391396076766 31.95483392257854 1.8789881437551808 14.954356206386544 6.673648043996056
D1568_8_28_19_overnight_stability_027 263.0695252011583 0.4337541384840507 14.041249121160305 136.14920557546822 1.7107358603783795 60.562595563998364 32.0816494147754 1.7123474538000372 16.603561655544905 7.385682385853459
D1568_8_28_19_overnight_stability_028 263.4589243819368 0.45385680877858126 16.27182208991309 136.5645618661003 1.66918380783288 59.10617296032674 32.12913711974839 1.984368547550377 16.65421486171955 7.208069873210578
D1568_8_28_19_overnight_stability_029 262.06903381159054 0.4721335329604121 15.899241592642547 138.4835823313476 1.5978982029169917 58.71129571367112 31.95963826970616 1.9389319015417739 16.888241747725317 7.159914111423308
D1568_8_28_19_overnight_stability_030 263.2650671462668 0.5323931669070762 14.088605113408326 130.86771506982922 2.079297120538959 71.41561664779836 32.10549599344717 1.7181225748058933 15.959477447540149 8.709221542414435
D1568_8_28_19_overnight_stability_031 262.2378829052772 0.4725563726436159 18.044997200970634 138.2011305990411 1.4813410400473983 68.31221128993487 31.98022962259478 2.2006094147525164 16.85379641451721 8.3307574743823
D1568_8_28_19_overnight_stability_032 261.4622149411207 0.5187176287945291 14.552565217674957 144.0361541515779 1.732382181829221 65.57769837807994 31.88563596842935 1.7747030753262143 17.56538465263145 7.9972802900097495
D1568_8_28_19_overnight_stability_033 261.66557048083496 0.4481800007359472 13.92966394283901 133.38006792030112 1.5969827684198143 59.152429415583796 31.910435424492068 1.6987395052242695 16.265861941500134 7.213710904339488
D1568_8_28_19_overnight_stability_034 262.42797599205545 0.49439660304660293 11.465624037121309 126.82497160377456 1.9688146463543763 43.81726378534261 32.003411706348224 1.3982468337952816 15.466459951679823 5.343568754310074
D1568_8_28_19_overnight_stability_035 263.1891693565977 0.4968423346300939 10.470020979844655 109.38626366443081 2.3409164108304577 22.710943179340436 32.09624016543874 1.2768318268103238 13.339788251759854 2.769627216992736
D1568_8_28_19_overnight_stability_036 262.9959758768917 0.46212375210189316 11.415328204422257 102.6501763754241 2.2410774627366306 35.80609640580544 32.07267998498679 1.392113195661251 12.518314192124889 4.3665971226592
D1568_8_28_19_overnight_stability_037 262.00017065232475 0.41866292949377415 11.66191112053106 124.83173269118896 1.5856636066938918 57.0234270573625 31.951240323454236 1.4221842829915927 15.223382035510848 6.954076470410061
D1568_8_28_19_overnight_stability_038 262.76915422669583 0.36929938565203774 15.60119782870144 141.23611261025536 1.4212198560132523 61.706323372263846 32.04501880813364 1.9025851010611512 17.22391617198236 7.525161386861445
D1568_8_28_19_overnight_stability_039 263.77814699870527 0.38946649320670534 11.317214085348606 113.43563848933302 2.001928846178566 28.21119365857593 32.16806670715918 1.3801480591888544 13.83361444991866 3.4403894705580402
D1568_8_28_19_overnight_stability_040 263.10748963140486 0.36551637508204443 7.773362218158886 118.01116433953365 2.162367745953269 27.462711031044428 32.08627922334205 0.9479710022144983 14.3916054072602 3.3491111013468813
D1568_8_28_19_overnight_stability_041 262.8727918509986 0.3640558134869104 10.595141224294002 118.48855537399331 1.8771537637799813 23.101926490270294 32.05765754280471 1.2920903932065855 14.449823826096745 2.817308108569548
D1568_8_28_19_overnight_stability_042 262.520916331509 0.4142308775377296 10.258968646167043 101.23637287017443 2.1737906507266764 36.72432525027302 32.01474589408646 1.2510937373374442 12.345899130509077 4.478576250033295
D1568_8_28_19_overnight_stability_043 262.5473037015548 0.4057718758372577 6.796559417020978 97.55546469125485 2.4163684671135828 19.236878184497375 32.01796386604327 0.8288487093928022 11.897007889177422 2.3459607542069967
D1568_8_28_19_overnight_stability_044 262.79954156842734 0.43983567388727884 7.291682051674956 108.66824779661133 2.511724994158574 23.30204267870414 32.04872458151553 0.8892295184969458 13.252225341050162 2.8417125217931876
D1568_8_28_19_overnight_stability_045 262.77803807669704 0.44472054805869554 4.983891245583419 112.04919781563402 2.3487399866698286 31.523994919030486 32.04610220447525 0.6077916153150511 13.664536318979758 3.84438962427201
D1568_8_28_19_overnight_stability_046 261.26791776214134 0.4024029954556523 7.034107511012806 108.51915710097009 2.574748862906269 24.656596858648754 31.86194119050504 0.8578179891479032 13.234043548898791 3.006902055932775
D1568_8_28_19_overnight_stability_047 263.7848519214736 0.4416811660860366 11.185596792298341 86.58533898586862 4.404762546295636 82.3574354921904 32.168884380667514 1.3640971697924806 10.55918768120349 10.043589694169562
D1568_8_28_19_overnight_stability_048 262.831861392669 0.4782609658352211 9.010674535617479 130.6302574549422 2.8353431546076235 28.39806818729895 32.052666023496215 1.098862748246034 15.93051920182222 3.4631790472315793
D1568_8_28_19_overnight_stability_049 262.29965787126457 0.4761935071781358 4.128916090226437 120.6623807800601 2.8822362595175948 22.147976364652628 31.987763155032265 0.5035263524666387 14.714924485373183 2.7009727273966617
D1568_8_28_19_overnight_stability_050 262.64443696652984 0.45258962510095097 10.93957242502978 111.10970034519067 2.1535121743493386 33.624782767307146 32.02980938616218 1.3340941981743635 13.54996345673057 4.100583264305749
D1568_8_28_19_overnight_stability_051 261.84541485235235 0.4883863695843422 8.129487799052402 125.69392503704431 2.745733343702597 36.21393460507843 31.932367664921017 0.9914009511039514 15.328527443541988 4.416333488424199
D1568_8_28_19_overnight_stability_052 261.9528299726621 0.4422748827139919 9.774124236896993 115.04461259340682 2.017612832532993 39.318981424379665 31.945467069836837 1.191966370353292 14.029830804074003 4.794997734680447
D1568_8_28_19_overnight_stability_053 262.3327092338914 0.4410085346306794 8.908409444255414 143.30196850060142 2.146597389981578 48.33569857290235 31.99179380901115 1.0863913956409041 17.475849817146514 5.894597386939311
D1568_8_28_19_overnight_stability_054 262.5994933761798 0.44665887945596927 13.553683637800482 118.85934311644691 1.7544615306665368 43.629648195415655 32.02432846050973 1.6528882485122538 14.495041843469135 5.320688804318983
D1568_8_28_19_overnight_stability_055 262.88722412342247 0.4919006761689688 13.45222711213496 129.85843542937891 2.0249927975619952 54.43407572669423 32.05941757602713 1.6405155014798731 15.836394564558404 6.638301917889541
