D1568_8_28_19_overnight_stability_006 263.0042696863014 6.320677110979381 0.0 0.0 107.06762608841238 35.85939785292107 0.0 0.0
D1568_8_28_19_overnight_stability_007 263.9455961194084 6.0739606347769595 0.0 0.0 115.80541977206364 40.169429439058526 0.0 0.0
D1568_8_28_19_overnight_stability_008 262.634750383056 5.805938709201584 0.0 0.0 112.56408251478639 26.556258297624765 0.0 0.0
D1568_8_28_19_overnight_stability_009 263.0811574507775 6.47353872514168 0.0 0.0 105.08807786231311 35.149901461253016 0.0 0.0
D1568_8_28_19_overnight_stability_010 262.9711994119439 6.377343601253049 0.0 0.0 120.46105414331907 48.39445403553427 0.0 0.0
D1568_8_28_19_overnight_stability_011 262.8379407399581 6.937915397318051 0.0 0.0 116.92307616001179 106.21268580122967 0.0 0.0
D1568_8_28_19_overnight_stability_012 263.120374291943 6.652134054884921 0.0 0.0 114.92580164153115 207.7516297245184 0.0 0.0
D1568_8_28_19_overnight_stability_013 263.0037203535356 6.794279029459907 0.0 0.0 114.0633890592627 31.0979792451558 0.0 0.0
D1568_8_28_19_overnight_stability_014 263.4964119513127 5.874661863806062 0.0 0.0 125.76235311209008 118.58438678976609 0.0 0.0
D1568_8_28_19_overnight_stability_015 263.413360844664 6.109493342277067 0.0 0.0 117.10591523719764 46.050867518479784 0.0 0.0
D1568_8_28_19_overnight_stability_016 263.97642975391227 6.995356058922272 0.0 0.0 118.8103045550809 82.57104455748782 0.0 0.0
D1568_8_28_19_overnight_stability_017 262.4834264213294 6.874515695059076 0.0 0.0 118.31047424332925 47.80156785064724 0.0 0.0
D1568_8_28_19_overnight_stability_018 262.1600674654877 8.050910195726575 0.0 0.0 100.42119143625794 1746.7588041073393 0.0 0.0
D1568_8_28_19_overnight_stability_019 262.3834849749091 6.613305511380902 0.0 0.0 120.4376504185108 39.770519277505365 0.0 0.0
D1568_8_28_19_overnight_stability_020 262.8890654448783 6.405374346620946 0.0 0.0 117.67491662668479 32.31342084501646 0.0 0.0
D1568_8_28_19_overnight_stability_021 262.14031219912783 7.366404423036576 0.0 0.0 122.42688675474629 708.9097283352817 0.0 0.0
D1568_8_28_19_overnight_stability_022 262.2924497128914 8.284180923500184 0.0 0.0 121.95793688244783 226.647256070015 0.0 0.0
D1568_8_28_19_overnight_stability_023 262.60773842371583 8.39363336484144 0.0 0.0 118.23213602929046 1045.8434044990286 0.0 0.0
D1568_8_28_19_overnight_stability_024 262.59689877254294 10.730399454769241 0.0 0.0 112.62989218958612 1093.520641946157 0.0 0.0
D1568_8_28_19_overnight_stability_025 262.5187557290034 9.04763547564287 0.0 0.0 113.01833445664286 366.4675969743037 0.0 0.0
D1568_8_28_19_overnight_stability_026 261.9458490530881 7.910741054338586 0.0 0.0 114.60715122031998 180.3769833223901 0.0 0.0
D1568_8_28_19_overnight_stability_027 263.1849331285959 7.893070377029423 0.0 0.0 118.65742398520527 136.84185586980507 0.0 0.0
D1568_8_28_19_overnight_stability_028 263.25144018957815 8.495627314053152 0.0 0.0 118.41587943739925 148.61333399134847 0.0 0.0
D1568_8_28_19_overnight_stability_029 261.9852782202677 8.673346016492724 0.0 0.0 119.59315108442308 224.51179655664686 0.0 0.0
D1568_8_28_19_overnight_stability_030 263.1499162463635 10.390220768721207 0.0 0.0 12.764895933158254 5179.110988721291 0.0 0.0
D1568_8_28_19_overnight_stability_031 262.20879113610556 8.793673279953223 0.0 0.0 113.1841675035574 129.80790029041992 0.0 0.0
D1568_8_28_19_overnight_stability_032 261.28538149792547 10.269288072454913 0.0 0.0 123.5068802514236 301.9714557790811 0.0 0.0
D1568_8_28_19_overnight_stability_033 261.35749154638125 8.348581869467015 0.0 0.0 118.83685943292608 258.25252066421626 0.0 0.0
D1568_8_28_19_overnight_stability_034 262.28642004248013 9.585298355412174 0.0 0.0 48.43505995140282 4049.189257711086 0.0 0.0
D1568_8_28_19_overnight_stability_035 263.0386138367128 9.579378476743388 0.0 0.0 101.49162174107498 456.0153104719148 0.0 0.0
D1568_8_28_19_overnight_stability_036 262.7167863304114 8.719686401895379 0.0 0.0 92.99146476625793 469.8847792995048 0.0 0.0
D1568_8_28_19_overnight_stability_037 261.95206459053344 7.799905329676925 0.0 0.0 110.0980570162211 131.7462333607794 0.0 0.0
D1568_8_28_19_overnight_stability_038 262.7855939565594 6.778942277794596 0.0 0.0 120.22715013568092 134.31032482128535 0.0 0.0
D1568_8_28_19_overnight_stability_039 263.81429321695856 6.995847790062905 0.0 0.0 110.88491666908757 195.68517519901835 0.0 0.0
D1568_8_28_19_overnight_stability_040 263.0040474411862 6.698030855087807 0.0 0.0 119.96144742737452 533.7776180862613 0.0 0.0
D1568_8_28_19_overnight_stability_041 262.63867806080765 6.536264622049496 0.0 0.0 121.99745270106385 278.6983079669545 0.0 0.0
D1568_8_28_19_overnight_stability_042 262.20631636626666 7.42109191676476 0.0 0.0 112.44848395198872 287.33124831411743 0.0 0.0
D1568_8_28_19_overnight_stability_043 262.469107900131 7.524697009869595 0.0 0.0 133.75379422631056 1591.522366194468 0.0 0.0
D1568_8_28_19_overnight_stability_044 262.8509097364965 7.933278519290113 0.0 0.0 124.86515318334959 813.1394689595595 0.0 0.0
D1568_8_28_19_overnight_stability_045 262.78274341626957 8.349578359907586 0.0 0.0 119.63806699082073 573.393253429896 0.0 0.0
D1568_8_28_19_overnight_stability_046 261.06405228452513 7.307838426770288 0.0 0.0 120.22118102448052 528.8976785099131 0.0 0.0
D1568_8_28_19_overnight_stability_047 263.80333733303775 8.32329653630187 0.0 0.0 149.354388763888 1851.6550976562269 0.0 0.0
D1568_8_28_19_overnight_stability_048 262.76724548919645 9.02592379549162 0.0 0.0 142.01092529718622 378.0087509808667 0.0 0.0
D1568_8_28_19_overnight_stability_049 262.0771575830343 9.137441107347758 0.0 0.0 76.56378153620979 1663.6417051936157 0.0 0.0
D1568_8_28_19_overnight_stability_050 262.48274398635635 8.317422425847846 0.0 0.0 118.35750502943718 2364.1008918023585 0.0 0.0
D1568_8_28_19_overnight_stability_051 261.5633677957741 9.109379226499971 0.0 0.0 -7370.072604582134 538461.4426242758 0.0 0.0
D1568_8_28_19_overnight_stability_052 261.7029840029388 8.455232079764466 0.0 0.0 110.79121110402663 195.2916306347678 0.0 0.0
D1568_8_28_19_overnight_stability_053 262.2860158768898 8.111316613316818 0.0 0.0 71.67190393856437 4899.818129392821 0.0 0.0
D1568_8_28_19_overnight_stability_054 262.68299424932525 8.140674711563483 0.0 0.0 116.51118032391176 152.68919018775793 0.0 0.0
D1568_8_28_19_overnight_stability_055 262.6399087526556 9.443076179997911 0.0 0.0 123.37265202202154 243.28244586219554 0.0 0.0
