D1568_8_28_19_overnight_stability_006 263.03552940954415 6.383043908373334 0.0 0.0 106.43481180765156 330.10416035424885 0.0 0.0
D1568_8_28_19_overnight_stability_007 263.8799764029308 6.167298486428567 0.0 0.0 116.63066377214508 105.41900284193396 0.0 0.0
D1568_8_28_19_overnight_stability_008 262.7974467060231 5.924156594266958 0.0 0.0 112.72988871672057 55.898217923441045 0.0 0.0
D1568_8_28_19_overnight_stability_009 263.176999437262 6.278981651805383 0.0 0.0 104.29144480786894 96.54051918529399 0.0 0.0
D1568_8_28_19_overnight_stability_010 262.8136194643728 6.36658005080536 0.0 0.0 121.47613956389182 122.19051390581234 0.0 0.0
D1568_8_28_19_overnight_stability_011 262.9446287941483 6.886711935901185 0.0 0.0 114.96110777141607 432.6471928011337 0.0 0.0
D1568_8_28_19_overnight_stability_012 263.1490852980282 6.621844267605416 0.0 0.0 116.4914570637096 1059.4600887442173 0.0 0.0
D1568_8_28_19_overnight_stability_013 262.90843760661664 6.804710770852055 0.0 0.0 112.99508284777505 518.5038860880447 0.0 0.0
D1568_8_28_19_overnight_stability_014 263.49753003828107 5.782929325745062 0.0 0.0 124.32878045564311 57.86871632317104 0.0 0.0
D1568_8_28_19_overnight_stability_015 263.32822093463125 6.06561101392742 0.0 0.0 116.80301919591389 286.29594807980055 0.0 0.0
D1568_8_28_19_overnight_stability_016 264.17932370529536 7.078252752632563 0.0 0.0 117.54060958959828 269.3502598751912 0.0 0.0
D1568_8_28_19_overnight_stability_017 262.49560423910464 6.899967208927561 0.0 0.0 117.16293378007948 79.77536158359877 0.0 0.0
D1568_8_28_19_overnight_stability_018 262.2397728438625 8.012840963545452 0.0 0.0 115.2902464543862 1276.3109520744742 0.0 0.0
D1568_8_28_19_overnight_stability_019 262.4893321686663 6.712641006684189 0.0 0.0 119.49026615492934 154.90093200580205 0.0 0.0
D1568_8_28_19_overnight_stability_020 262.86979671612465 6.2493195305517855 0.0 0.0 117.42891794941673 45.751019531835404 0.0 0.0
D1568_8_28_19_overnight_stability_021 262.2227362805649 7.385414011137065 0.0 0.0 950.584168138852 185957.96471887518 0.0 0.0
D1568_8_28_19_overnight_stability_022 262.26707608235006 8.50360473379652 0.0 0.0 136.7085224204202 3904.8994377394856 0.0 0.0
D1568_8_28_19_overnight_stability_023 262.644061701603 8.428789289975812 0.0 0.0 99.99186638525177 1731.8006129781695 0.0 0.0
D1568_8_28_19_overnight_stability_024 262.7302826149125 9.885183269583324 0.0 0.0 80.53353982197255 10121.087295667574 0.0 0.0
D1568_8_28_19_overnight_stability_025 262.6322448895487 9.1290617854779 0.0 0.0 38.8937222075235 15078.259573232643 0.0 0.0
D1568_8_28_19_overnight_stability_026 261.91500134776106 8.015165884006539 0.0 0.0 113.67377665567355 370.59398752310176 0.0 0.0
D1568_8_28_19_overnight_stability_027 263.0622200744163 7.9997284385858585 0.0 0.0 118.54321171077993 430.0242898823618 0.0 0.0
D1568_8_28_19_overnight_stability_028 263.37787654942156 8.534142586977099 0.0 0.0 109.81032360530843 2246.6776222525614 0.0 0.0
D1568_8_28_19_overnight_stability_029 261.9426995713677 8.919323691788414 0.0 0.0 120.81449882136836 895.9058450536786 0.0 0.0
D1568_8_28_19_overnight_stability_030 263.1402031991874 10.381262020597038 0.0 0.0 93.9658047748129 1007.5497859295549 0.0 0.0
D1568_8_28_19_overnight_stability_031 262.1533583178577 8.90369794761413 0.0 0.0 105.24371000205365 990.9332023718266 0.0 0.0
D1568_8_28_19_overnight_stability_032 261.3199980400803 10.375697297414225 0.0 0.0 125.08779030569885 2630.464236315019 0.0 0.0
D1568_8_28_19_overnight_stability_033 261.5231523840899 8.376810174692567 0.0 0.0 394.7262761969911 61986.60961352339 0.0 0.0
D1568_8_28_19_overnight_stability_034 262.2786021098452 9.587024892692915 0.0 0.0 136.30337787575866 1972.7505655450275 0.0 0.0
D1568_8_28_19_overnight_stability_035 263.12162470362045 9.90141068074937 0.0 0.0 107.33702892583904 582.447501549773 0.0 0.0
D1568_8_28_19_overnight_stability_036 262.90776154392273 8.682245665728347 0.0 0.0 96.96947609348024 477.3931785958423 0.0 0.0
D1568_8_28_19_overnight_stability_037 261.8118333827439 7.873013968915276 0.0 0.0 111.79554289272252 121.00649047870083 0.0 0.0
D1568_8_28_19_overnight_stability_038 262.75247652700943 6.681051515916269 0.0 0.0 124.903070234794 351.45497919032715 0.0 0.0
D1568_8_28_19_overnight_stability_039 263.71270980763984 7.057462315405547 0.0 0.0 107.85255095838474 609.5592289636172 0.0 0.0
D1568_8_28_19_overnight_stability_040 263.06047388502003 6.607189044704886 0.0 0.0 114.98155737559196 1443.960835873456 0.0 0.0
D1568_8_28_19_overnight_stability_041 262.84660371128103 6.5424621406868715 0.0 0.0 118.00766640512857 218.42450450407395 0.0 0.0
D1568_8_28_19_overnight_stability_042 262.3939613237135 7.606536391006924 0.0 0.0 113.8288115346639 216.18348316716498 0.0 0.0
D1568_8_28_19_overnight_stability_043 262.52211869258565 7.384749957519665 0.0 0.0 103.07631257559497 857.7739517929397 0.0 0.0
D1568_8_28_19_overnight_stability_044 262.73782192902314 8.216816045957867 0.0 0.0 119.77940125518586 1492.2783833065948 0.0 0.0
D1568_8_28_19_overnight_stability_045 262.6535064402293 8.197617948564359 0.0 0.0 140.1572367330407 6627.63870720594 0.0 0.0
D1568_8_28_19_overnight_stability_046 261.14988551841003 7.3305294266066765 0.0 0.0 120.87473297980448 1290.4606694819586 0.0 0.0
D1568_8_28_19_overnight_stability_047 263.6829248113145 8.243626033076838 0.0 0.0 43.44977258215167 15280.899356035989 0.0 0.0
D1568_8_28_19_overnight_stability_048 262.70824994302166 9.080095392466994 0.0 0.0 121.70937878767796 2200.8253123874497 0.0 0.0
D1568_8_28_19_overnight_stability_049 262.1927333936997 8.920572859657785 0.0 0.0 77.26082867097777 20488.642112502548 0.0 0.0
D1568_8_28_19_overnight_stability_050 262.57862372948927 8.418501075787661 0.0 0.0 110.2918271749942 1536.1243376606988 0.0 0.0
D1568_8_28_19_overnight_stability_051 261.69067288206344 9.39132779853289 0.0 0.0 -173.8269612513958 49714.00103364275 0.0 0.0
D1568_8_28_19_overnight_stability_052 261.8684394657677 8.268760172657473 0.0 0.0 10.867570103005388 22258.575832482245 0.0 0.0
D1568_8_28_19_overnight_stability_053 262.20870476701896 8.170504872751744 0.0 0.0 157.4304176287124 7208.581480286171 0.0 0.0
D1568_8_28_19_overnight_stability_054 262.5045013599711 8.32216314052126 0.0 0.0 116.01417785917461 350.67891398452724 0.0 0.0
D1568_8_28_19_overnight_stability_055 262.8352872965746 9.4141826598931 0.0 0.0 128.76027524758945 2204.243593806803 0.0 0.0
