 264.17861848569396 0.10704813196387404 13.750984857475597 0.08012239094635452 115.83432093944194 0.13751541707104836 30.673730279724587 0.14329096719716616
D1568_8_28_19_overnight_stability_006 263.7710747640553 0.046469458487405975 9.7434504140979 0.03990713158669139 111.30372876919098 0.09933949791224589 26.669790657780805 0.06284152792323214
D1568_8_28_19_overnight_stability_007 265.3237982606568 0.048672964684318754 10.077541199708993 0.040783166732378605 116.63508024522073 0.0965619708431651 26.613075313764867 0.06621419728772598
D1568_8_28_19_overnight_stability_008 263.3342258207858 0.04817707984557053 9.282326879811297 0.03491202638810986 114.55805819882555 0.09667837889641448 26.715233911838233 0.060150451548277584
D1568_8_28_19_overnight_stability_009 263.8926499289745 0.057352540438849096 10.876033654308687 0.05474747018978318 109.58845070038693 0.1006405059370431 28.847575286380714 0.07249021409208856
D1568_8_28_19_overnight_stability_010 263.670149747695 0.05227074623609525 10.105035074793756 0.041153192689515804 117.04172619333544 0.1001053134210109 26.25742694235972 0.07127624663422504
D1568_8_28_19_overnight_stability_011 264.1250766374522 0.05317414903667612 10.779018739828269 0.049567349923226915 116.13007526317149 0.10898964324886608 27.556276286818893 0.07068880200316383
D1568_8_28_19_overnight_stability_012 264.0071083463833 0.057465868410811756 11.247729524223606 0.132947003249055 112.74093616076064 0.10313794488837255 28.391995487771492 0.07011947261763453
D1568_8_28_19_overnight_stability_013 263.3631701027906 0.0681816333978475 10.81119082870631 0.047547042793147046 115.08500463408099 0.09755398460578889 27.632407232125793 0.0756573966757732
D1568_8_28_19_overnight_stability_014 264.90909783364805 0.04880400477788722 10.32536228198342 0.04170292806952129 119.57436742903819 0.09506217578170213 26.239147805445743 0.06753847774109648
D1568_8_28_19_overnight_stability_015 264.56658150105915 0.053857586634763206 10.918628116117839 0.04967430971654052 116.80070640422872 0.09182671633320993 25.579636391384458 0.06062966540798618
D1568_8_28_19_overnight_stability_016 263.6694347930349 0.056766467572595306 10.91911240109847 0.05232961602703086 116.44636579131613 0.09947301953246898 25.109965400142805 0.06523319055763697
D1568_8_28_19_overnight_stability_017 264.3725466981121 0.07395884105624083 12.226470669630206 0.05589409489550749 117.52966318467473 0.10619857853376564 28.909155907689133 0.07515767612218996
D1568_8_28_19_overnight_stability_018 263.3087703464106 0.06482693044904876 10.843310598180324 0.05250926397124042 117.02382513991274 0.11503397212461083 26.97113630949925 0.08655401880788471
D1568_8_28_19_overnight_stability_019 263.1965891181502 0.05602069436451512 10.333577444343616 0.04585279243549331 116.74589467556405 0.10091732273249113 28.204367280220747 0.07445277130185496
D1568_8_28_19_overnight_stability_020 263.25078553112644 0.05721921286694157 10.161638248655162 0.03976045749534494 116.60356049947376 0.1006044302302937 28.18352880209339 0.07160760437327571
D1568_8_28_19_overnight_stability_021 264.370918954703 0.060694373022003506 11.322995618324533 0.05318753412313856 114.67471844916602 0.10506726366064588 26.238083056392274 0.0690411668957266
D1568_8_28_19_overnight_stability_022 264.27506202815243 0.0843303653349464 11.717213215676447 0.05845931990813868 115.9270636178966 0.11961780473423063 28.943889561392403 0.08182220696603502
D1568_8_28_19_overnight_stability_023 264.35255262852303 0.075862405014899 11.868515235932932 0.061442424464711626 111.02465287027742 0.1275334393253049 30.059342802348826 0.08943675675165448
D1568_8_28_19_overnight_stability_024 264.54198762320897 0.0867792580201877 12.084321220206828 0.060659730497877 117.1919541218544 0.12074372829772075 28.866210345698576 0.09826094376379241
D1568_8_28_19_overnight_stability_025 263.4444848696129 0.08901155839811299 12.038033568587517 0.05930971725104079 118.2316553073534 0.11393454507026265 27.65248905265569 0.08217639152382353
D1568_8_28_19_overnight_stability_026 262.53051994367706 0.07172461502512995 11.959526396058148 0.060914331501018694 112.6568127690727 0.11187577183184405 29.06721887113462 0.08230191424482337
D1568_8_28_19_overnight_stability_027 263.30336376636876 0.06479422105154235 10.985654635701335 0.052225473379106914 115.14320591195931 0.11247726279714676 26.715700924564782 0.0779309591314254
D1568_8_28_19_overnight_stability_028 264.18913157051423 0.08059500338777431 12.412835959329211 0.08019661667950202 114.9670391401226 0.11160457207714719 28.130692781258418 0.09510805161026072
D1568_8_28_19_overnight_stability_029 263.0651524728263 0.08771912156729181 13.497311561910452 0.07233309191904731 117.82766806178876 0.12289490315900077 29.938295191591262 0.09208569185628938
D1568_8_28_19_overnight_stability_030 263.3684747401308 0.10111512813795265 12.935347283595796 0.07318878804751466 110.95126832570091 0.15029852718482398 32.26551715025933 0.20648175505738126
D1568_8_28_19_overnight_stability_031 264.21342918159314 0.09995568437511887 13.966294736206946 0.07697508364835075 113.7517830458394 0.1209328508262879 29.63820136885734 0.08786742551370369
D1568_8_28_19_overnight_stability_032 264.179044166263 0.10703238029697962 13.750590834577975 0.08021096967596487 115.8338280679834 0.13680581009587423 30.67307636504018 0.1439605669674923
D1568_8_28_19_overnight_stability_033 263.28262710896877 0.08285005106943048 12.489246674799867 0.06649508394032567 116.40631352137984 0.11557643559272353 28.675233232999616 0.08581638426977733
D1568_8_28_19_overnight_stability_034 263.84118331576167 0.08092832646338295 11.112024059775232 0.07565227937255899 116.424077739437 0.11522541552821422 27.503932943697638 0.0891261242357634
D1568_8_28_19_overnight_stability_035 263.8338682429525 0.0766959652706364 10.921495229562646 0.05247673361743786 113.38221233719511 0.12592815311135616 29.02752870841318 0.07830436135217252
D1568_8_28_19_overnight_stability_036 264.33764995386815 0.06575006679947666 10.70288855288387 0.052780215569073696 110.7839225466431 0.11752175575754849 29.054111472785074 0.07897171134228222
D1568_8_28_19_overnight_stability_037 262.95284174206125 0.06007814086210222 10.600065530997334 0.04922655960514051 113.50928421504477 0.11737849655822069 29.5442719566885 0.0851475153977737
D1568_8_28_19_overnight_stability_038 263.5102903147825 0.052774804974836366 11.459312416563476 0.05522938389596565 117.49104655844484 0.10920362740227807 27.83716232638887 0.07562069237580553
D1568_8_28_19_overnight_stability_039 263.134973247495 0.05084945035036377 10.054010217471257 0.04307778485770198 113.98449508475657 0.10460170142207073 25.933598033301372 0.08370249460686767
D1568_8_28_19_overnight_stability_040 262.73332439701045 0.04490335978415726 9.150898305544716 0.0366752296601025 112.59014260695368 0.10946592319298165 26.689341584301722 0.07076786783131209
D1568_8_28_19_overnight_stability_041 263.18913224027045 0.04412025720601284 9.398607113131666 0.037034405822378304 113.36259047399541 0.10197452475609647 26.637488042367647 0.07049010516252123
D1568_8_28_19_overnight_stability_042 263.563574064942 0.05713193769947299 9.786958649466193 0.04150753994943668 114.58124343848316 0.10223165314713575 26.24336930072824 0.0693780897921878
D1568_8_28_19_overnight_stability_043 262.680721109162 0.05395229649391005 10.129689941765283 0.044408648524700056 110.14586463864468 0.11044028076955194 27.879097497275716 0.0921376764649201
D1568_8_28_19_overnight_stability_044 262.8564446676713 0.0615337229166469 10.391430769666307 0.049389605792334146 113.65195948534989 0.1100790381726012 25.327384494176638 0.06890572896606506
D1568_8_28_19_overnight_stability_045 263.3620086839563 0.060113164583385496 10.11394215714195 0.04451467621212421 114.20533570052923 0.11716932721508186 26.86963650594006 0.07908498926705342
D1568_8_28_19_overnight_stability_046 261.9780895218443 0.04920491334964769 9.265566294535766 0.04667148550947625 114.43355778765306 0.11400963944595728 26.81611036468328 0.08619076473022266
D1568_8_28_19_overnight_stability_047 263.01561686644925 0.057334101107296906 10.370754005382626 0.051137951831564596 114.40043180964061 0.12117840560508399 28.097439377137324 0.10543581453316583
D1568_8_28_19_overnight_stability_048 261.36374171868226 0.06193739968868193 10.452282017012243 0.04744563399069974 110.85853328361064 0.13190524105859808 27.887026524172366 0.10094382419426415
D1568_8_28_19_overnight_stability_049 262.15598668762607 0.05946043345301958 10.689359587777867 0.053302343927979404 113.83802407258075 0.11892099413424351 27.473999303572295 0.09316453843786336
D1568_8_28_19_overnight_stability_050 262.6062439987597 0.062107822298456114 9.957705515925683 0.046377808496193614 112.88851946857699 0.12425322181570282 28.219919678395804 0.07230971150189325
D1568_8_28_19_overnight_stability_051 262.71095530613 0.07378998755190706 10.338120958260802 0.0511806993140708 112.92270783458814 0.13158584579966515 29.16994749281548 0.16565911780097714
D1568_8_28_19_overnight_stability_052 263.39414916903235 0.0645960973348829 11.089481231103832 0.05442732151906022 112.48412365503195 0.11692402845128033 28.735343522870373 0.08347493463118717
D1568_8_28_19_overnight_stability_053 262.2123726002275 0.05941758460674372 10.816301628525887 0.055459154474511455 114.88429918510668 0.11625283993625427 25.665771298063333 0.087042783425373
D1568_8_28_19_overnight_stability_054 263.9293242174515 0.0736856762085278 11.114864119273888 0.05564213924820998 115.96734355131932 0.11473658090798777 29.265487930737958 0.11270157060243799
D1568_8_28_19_overnight_stability_055 263.7078549727979 0.07719966835367954 11.469310159304978 0.061100973125811725 118.4249402990918 0.13046032422342563 29.687893295170003 0.0991031397089865
