D1568_8_28_19_overnight_stability_006 263.3344674263904 0.0448336061664632 9.36247967595624 0.03760933583398091 117.79023717242094 0.12216930302517352 26.801936796453703 0.07247560252677517
D1568_8_28_19_overnight_stability_007 265.18322323395694 0.04761805587443535 9.872961756516853 0.04005986226724488 122.45018078640442 0.11449415076880037 27.231523770643367 0.07450695193105089
D1568_8_28_19_overnight_stability_008 263.02379067043285 0.0454972759953362 8.782370351864703 0.03262053054956959 120.53914533780085 0.11415449388364357 26.33209693869829 0.06926031480753012
D1568_8_28_19_overnight_stability_009 263.6173701688758 0.05187874105022855 10.028908685154397 0.04476944245910147 117.6238949543936 0.11901207315684342 27.001745905131603 0.07985244333216622
D1568_8_28_19_overnight_stability_010 263.46533757584086 0.05162649959871463 9.736155775602056 0.0390651356957304 126.51620013124825 0.13428275790516023 27.41197839871292 0.07924548701413985
D1568_8_28_19_overnight_stability_011 264.0285674774813 0.05287758661955441 10.61090270976635 0.05262016622790511 124.48280961464928 0.13460752666771603 29.45901022108847 0.07583331823047859
D1568_8_28_19_overnight_stability_012 263.0477763280347 0.052480842328017856 9.72116915362478 0.04670584272540984 121.1012530066245 0.13084434839787132 28.480433521495286 0.08407409167964808
D1568_8_28_19_overnight_stability_013 263.0939565809521 0.0637843902442021 10.06429868014358 0.04344644064369503 123.08551612547691 0.13110903476650645 27.34969608864525 0.11195398457875536
D1568_8_28_19_overnight_stability_014 264.39514651819167 0.04469400103226297 9.68656319817993 0.03846697562411864 131.0940527714436 0.13025474604364176 30.061461372489408 0.08600198387234378
D1568_8_28_19_overnight_stability_015 263.91075475235385 0.050414708717858026 9.945552914814266 0.05599146879047101 124.88254631852736 0.11935542087352269 26.02638713204636 0.06886777208605678
D1568_8_28_19_overnight_stability_016 263.4438728000074 0.055761969803742456 10.686305359309353 0.05049026884763189 125.79592709944953 0.13620788466238112 26.45298019499385 0.0787009513180201
D1568_8_28_19_overnight_stability_017 263.35293375095563 0.0640301853038242 10.851271855317124 0.04996988045792278 124.755371173449 0.12870543433893045 28.716291392163154 0.08612924926099873
D1568_8_28_19_overnight_stability_018 263.4375280049577 0.06781380108463028 11.422993902977204 0.055526572474387165 128.1272561494442 0.16243068860657725 29.358211726953652 0.15998071509995498
D1568_8_28_19_overnight_stability_019 262.8119363901055 0.05044671325227435 9.218822830837967 0.03991756223129806 123.6462533965999 0.12801270611372342 28.430939486262492 0.08134853915880642
D1568_8_28_19_overnight_stability_020 262.27610927343306 0.052916313573876425 9.290438072961805 0.0368696576312229 123.06513342636825 0.12329312492633968 28.00126345714112 0.07513924751557807
D1568_8_28_19_overnight_stability_021 264.24934517924254 0.06020020329544953 10.970568759208575 0.05155659804978004 124.13781952733525 0.143179887373035 27.38431059323758 0.08992249104097268
D1568_8_28_19_overnight_stability_022 262.80595275486843 0.08523104281605323 11.154389865967115 0.05834419123823362 124.2164227231297 0.1580015772880214 28.113351098876 0.08524963633325577
D1568_8_28_19_overnight_stability_023 264.2616069964816 0.07571439245673038 11.690248138760749 0.06072752302400904 121.9826300502894 0.17363081715213055 30.052807878592194 0.10233895407767363
D1568_8_28_19_overnight_stability_024 265.0252728720604 0.09260546974750794 13.029015047114084 0.06562138175195362 125.15049782926701 0.14975720928358857 30.313222093686903 0.12338507739102
D1568_8_28_19_overnight_stability_025 263.0381578011132 0.08624442627367525 11.45056516449159 0.05650994541197922 129.10922725287543 0.172214704290049 29.693617770428077 0.3096823125866651
D1568_8_28_19_overnight_stability_026 262.02731027264554 0.06743388889286414 11.182320547377817 0.10505653907258156 121.84607782642708 0.1457656227062752 28.946684510092847 0.09553934248729182
D1568_8_28_19_overnight_stability_027 264.3249800624362 0.07131976464342725 12.135951229894305 0.057958432438987156 127.58535951223658 0.1632126958500315 28.626676919344305 0.09004065752997992
D1568_8_28_19_overnight_stability_028 263.8708683652222 0.07742080318885644 11.402146923138655 0.11381686249744137 127.40174301437473 0.15757110855317388 30.87988932470051 0.10201094062226382
D1568_8_28_19_overnight_stability_029 262.4101739051396 0.08092222074980161 12.555003721316876 0.06606668154174337 130.19159146484998 0.16074865830744928 33.382978220586345 0.10024463619870601
D1568_8_28_19_overnight_stability_030 263.0687655012958 0.1005143738516949 12.754349577145321 0.09359670542171689 133.86587789417325 0.2560348252449568 34.073428044278025 0.18971181953852875
D1568_8_28_19_overnight_stability_031 263.48924146996535 0.09100267764790225 12.967518342993143 0.07253747258335787 127.59925334781212 0.17587582408237018 29.702215379437106 0.09592307239096014
D1568_8_28_19_overnight_stability_032 264.7905220975928 0.11242029236344067 14.562363303728274 0.08036630185074034 134.64129423414002 0.2305060893688831 34.77907963471151 0.1406365956864296
D1568_8_28_19_overnight_stability_033 262.60048867468925 0.07798356549483962 11.818129928349878 0.0639597777587276 124.97879143383808 0.14969428555076678 28.02193545481602 0.08729219540801939
D1568_8_28_19_overnight_stability_034 264.498040964421 0.0869518215897691 12.415886897848045 0.06713116532111625 124.88291201128574 0.1462015873054968 29.55634957944882 0.0978377849619509
D1568_8_28_19_overnight_stability_035 263.44671819365414 0.07695724649405064 10.817497114455216 0.05268976253838274 121.19401605161514 0.14966392187008917 30.83631325403102 0.08448722331191806
D1568_8_28_19_overnight_stability_036 264.7214409401222 0.06757723913714234 11.410437465202303 0.05542484832227308 123.20011970056851 0.16344316887270657 33.8065999702801 0.14329205548039586
D1568_8_28_19_overnight_stability_037 262.92377631671513 0.05772046739562491 10.316525340693238 0.04836392365913747 123.24903088034715 0.1574154642567736 29.756710715590287 0.10890856811295219
D1568_8_28_19_overnight_stability_038 263.87237588620445 0.057192064234722305 12.21840908808786 0.05756540658993185 130.1006253330576 0.15938597955360828 30.397882963181754 0.1564692919127558
D1568_8_28_19_overnight_stability_039 263.4856705156266 0.05456641023731372 10.974882613803077 0.0474172478016876 122.01319741214859 0.13456469810062394 27.51858228836726 0.07970063988762156
D1568_8_28_19_overnight_stability_040 264.257335446725 0.045483359058301566 9.739364865986866 0.03872758994420456 119.568536846608 0.12491362971839191 27.366782237486923 0.06489651704069026
D1568_8_28_19_overnight_stability_041 263.6443270017751 0.045018163932445954 9.878449654491087 0.04039072790791509 120.67289762987949 0.11666521263722907 27.786144856753094 0.06384185813127732
D1568_8_28_19_overnight_stability_042 263.77803644593695 0.05820833410483829 10.158004201406998 0.044045045054551736 118.60912627424112 0.10958804853752921 27.55062775244928 0.06827579950481853
D1568_8_28_19_overnight_stability_043 262.7917278182634 0.05302442870679792 10.135458837329468 0.04423874855294517 115.46229813495978 0.12462506566116677 28.965776002535023 0.0824204407862644
D1568_8_28_19_overnight_stability_044 263.7128493512148 0.06182604558597857 10.752000580285992 0.05152837867200744 120.34723143068477 0.1320907752421595 26.918218587869344 0.07074364722025796
D1568_8_28_19_overnight_stability_045 263.54085331546815 0.0593530790951286 10.30982629200681 0.045580348481273694 127.63468463589454 0.1805396149104078 29.31931311904033 0.10214247407766548
D1568_8_28_19_overnight_stability_046 262.18797684935356 0.04663799457071456 9.205620681634375 0.03813447825432399 120.9078517377119 0.12836646969039198 27.798228589881827 0.08626453043831317
D1568_8_28_19_overnight_stability_047 264.8078724568228 0.051687212595099626 10.542266088211314 0.04548710436983067 121.13333767404286 0.12315483065016976 27.418888407082726 0.11390719950751171
D1568_8_28_19_overnight_stability_048 263.89965367786107 0.06411868405030445 10.680124689402213 0.05134862055029606 129.84814994762405 0.15219177083246616 31.781797208173973 0.08449210252041232
D1568_8_28_19_overnight_stability_049 263.8006578107048 0.0633833848024742 11.175422409192674 0.054868423203149774 123.15454412159443 0.1439348493869696 27.991242367796445 0.08858827508774027
D1568_8_28_19_overnight_stability_050 262.73108430288596 0.06280506638971771 10.156312555358763 0.04759379708027964 121.18191451551643 0.15828265457444488 28.787022486871052 0.10090278691295795
D1568_8_28_19_overnight_stability_051 264.1369341344074 0.07550182355187178 11.503591300297778 0.07640324414212156 126.25686506065217 0.17100033844403073 29.977293683032364 0.08971394729667474
D1568_8_28_19_overnight_stability_052 263.2997470604563 0.06400964854315508 10.990735294552138 0.053639657611387864 122.09820587637851 0.16481606078353697 30.103495791674742 0.14821932343961758
D1568_8_28_19_overnight_stability_053 263.00315757491984 0.059478847143440136 11.100916746112123 0.05652006712126995 133.43267455197844 0.17431826553090965 32.740440282628086 0.12045116885146726
D1568_8_28_19_overnight_stability_054 263.66317607516714 0.07152951340338963 10.747362232570072 0.05343980787346444 124.75083005024918 0.14843648696212572 29.240038625421622 0.09313780421581042
D1568_8_28_19_overnight_stability_055 263.3879583369158 0.07594031618872482 11.231140216129216 0.05919912569348279 129.14972493738807 0.18471930952230248 30.05683645815154 0.11279040576942598
