D1568_8_28_19_overnight_stability_006 264.771323830202 0.0467365561119098 9.743287346472751 0.04002298315843866 118.78690376521584 0.12192607097723154 27.453420758454342 0.06660964242079832
D1568_8_28_19_overnight_stability_006 264.7707258481951 0.046600208860134024 9.743292802442683 0.03993378325283129 118.78684265901238 0.12233838546669097 27.45342766225304 0.0662805695437571
D1568_8_28_19_overnight_stability_007 266.3236152606382 0.04886801450993572 10.077194801321612 0.0411116812230649 123.87180657500924 0.11340492335569706 27.812592617573486 0.10066766203214317
D1568_8_28_19_overnight_stability_008 264.33425083343207 0.048277070748456795 9.282269128259827 0.03482174565017503 121.88667941966015 0.11374408167822792 27.461446607545692 0.06814686558443463
D1568_8_28_19_overnight_stability_009 264.8919224560919 0.057464252650357164 10.875754657875383 0.05410713131999303 117.92609501732606 0.12282787303125951 28.687668451074437 0.07121341031036213
D1568_8_28_19_overnight_stability_010 264.6702167027139 0.05235611337568774 10.105188744050775 0.04077046811705724 128.16806027498177 0.13495102523361513 28.23423337340468 0.10107983811819618
D1568_8_28_19_overnight_stability_011 265.1251873653 0.052859594642113435 10.778777439579939 0.04988589741226607 124.83644896544375 0.13341683424957435 28.614983138980303 0.07988287481445402
D1568_8_28_19_overnight_stability_012 265.006959529421 0.05734199373988519 11.247674478559864 0.13320586981733604 122.61799064002616 0.13404270753291977 29.12633388964887 0.07282021010982405
D1568_8_28_19_overnight_stability_013 264.3629269501288 0.06841637484768469 10.811288616604795 0.04755594182271949 125.07918761289703 0.13214804544784917 29.09216030480598 0.08872788401769609
D1568_8_28_19_overnight_stability_014 265.90932138696695 0.048701003705548244 10.325239016139374 0.041523945911131614 131.57423890401765 0.12832266989842475 29.636551267365956 0.0869683394115469
D1568_8_28_19_overnight_stability_015 265.56657594526337 0.053725341592895916 10.9189222976196 0.049792342256925665 126.49174049934743 0.12163581219140988 26.603853426619718 0.06603707957364956
D1568_8_28_19_overnight_stability_016 264.6699486851526 0.0567116030366393 10.919183709949255 0.05214666683408332 127.22599327917143 0.1387589731354601 26.86548642350667 0.08285805009115932
D1568_8_28_19_overnight_stability_017 265.3729599636448 0.07367077562147664 12.226149658369389 0.05600043166532512 127.67830119054567 0.132318274608887 30.71796413393612 0.08359026793586256
D1568_8_28_19_overnight_stability_018 264.30858871729026 0.06407184136125749 10.843185388498725 0.05249662688314768 129.04083339746367 0.16162908176357038 29.414321390235735 0.18256159310186915
D1568_8_28_19_overnight_stability_019 264.1968553671139 0.056098270600550684 10.333787567914031 0.04559884275408636 125.98566067667218 0.13055334391579487 29.320516282342236 0.08698799805519054
D1568_8_28_19_overnight_stability_020 264.25092262586395 0.05709836021119683 10.16189215351443 0.03978989340782465 124.64213653227705 0.12483367950442718 28.91964340547936 0.07193707355227554
D1568_8_28_19_overnight_stability_021 265.37151646560426 0.06080525190011148 11.323754278868526 0.053054938749176404 123.13954869767096 0.13085971448300074 28.059451017740265 0.0846166814990195
D1568_8_28_19_overnight_stability_022 265.2750603077412 0.08418754838121084 11.717669228843553 0.05858451224354884 125.96510273889406 0.15145292957890488 29.988761270939953 0.08799688281317034
D1568_8_28_19_overnight_stability_023 265.3540068565924 0.07691660431296442 11.868318139423632 0.061237395935422996 122.50929200111814 0.16915922388328267 30.53319767513567 0.09302767561292478
D1568_8_28_19_overnight_stability_024 265.5422634805363 0.08690736910649059 12.084379646571518 0.0605446615850389 126.15671357806667 0.1504234998281004 30.319336200753966 0.12113593239788238
D1568_8_28_19_overnight_stability_025 264.4440928354528 0.08842942962151086 12.03819889237177 0.05906922132351276 127.33745482626408 0.14050748483913386 29.233785485248085 0.09672179965596342
D1568_8_28_19_overnight_stability_026 263.5303719947916 0.07200950238104235 11.95948728889658 0.06091980313574723 122.38527746762803 0.14087159928257212 29.823552224342254 0.08725035292346288
D1568_8_28_19_overnight_stability_027 264.3033214713626 0.06451168079654837 10.985194841955604 0.052017041539841276 128.86421615066183 0.16411420041923333 28.849228258270436 0.09003827942866259
D1568_8_28_19_overnight_stability_028 265.1897563024642 0.08016092804590193 12.412182672722924 0.07991004225966401 127.09516332092038 0.15435348283138448 29.586733474169602 0.10477878199861798
D1568_8_28_19_overnight_stability_029 264.0662233514294 0.08768117336836363 13.497060991784428 0.07239050310310671 130.11169909721335 0.16088179434059877 32.28693669769826 0.10147439244036285
D1568_8_28_19_overnight_stability_030 264.3694325993762 0.10124221277286889 12.935531182043844 0.07296074655461023 132.02765738989837 0.23888896899004375 32.64954032412364 0.18185866973528336
D1568_8_28_19_overnight_stability_031 265.21355067803154 0.09968352868506156 13.96654751647631 0.07676969112707133 130.2544443938166 0.17954338647894783 30.914912257501967 0.0958110690495264
D1568_8_28_19_overnight_stability_032 265.1783299378015 0.10721516017018304 13.750749109831803 0.07988883824968812 136.61200923282263 0.22783904402880972 35.80621176714634 0.13852856809978914
D1568_8_28_19_overnight_stability_033 264.2821395386514 0.08259940339471962 12.489258492434411 0.06693135166420851 126.90121518111985 0.15000471742848204 29.014700589319784 0.10503964170195128
D1568_8_28_19_overnight_stability_034 264.8415865371662 0.08111006871950546 11.112372573907056 0.07606292661269987 125.82519855894489 0.14764775255196128 29.417789696772182 0.09863279740670436
D1568_8_28_19_overnight_stability_035 264.8333598839119 0.07661978173235344 10.92127418519601 0.05260044081801203 123.1024807511461 0.15670855794218086 30.69617995948792 0.08902441677810503
D1568_8_28_19_overnight_stability_036 265.33796860018174 0.06543862419242297 10.703203070589872 0.05281427878512395 120.768325332742 0.14920279864113398 31.968919276470757 0.10450502955357932
D1568_8_28_19_overnight_stability_037 263.952824296209 0.06015663566057476 10.599692052776664 0.04944430869912284 123.04380878510335 0.14224520109744013 30.515510786816492 0.093411671605622
D1568_8_28_19_overnight_stability_038 264.5104103717491 0.052557019492358456 11.459939459266348 0.05523848201178639 131.42591707286232 0.15948999646541753 30.766706313457647 0.09532724362878586
D1568_8_28_19_overnight_stability_039 264.13496654916963 0.051051250037198306 10.05403526891609 0.04273595555191256 123.0933496523403 0.13648355859464298 27.516923477405324 0.07985671727201643
D1568_8_28_19_overnight_stability_040 263.7333933719326 0.044700249561323326 9.150804565756768 0.03666870379729234 119.39336162773569 0.12682854467712712 27.88212096896113 0.07871487359055743
D1568_8_28_19_overnight_stability_041 264.1888135838994 0.04399113614994487 9.398500854086382 0.03716919720299877 120.63815844095713 0.11948379946981953 26.79383154078915 0.06943839111989566
D1568_8_28_19_overnight_stability_042 264.5635948614113 0.05701861594192933 9.787258487252238 0.04165711678081981 121.38346982627309 0.12116336869391017 26.61036986199729 0.07169896430331786
D1568_8_28_19_overnight_stability_043 263.68128708341504 0.05390991583484915 10.12996685895728 0.04415935935117652 116.90741844759059 0.1263240265630816 28.94520923522705 0.14429126998248681
D1568_8_28_19_overnight_stability_044 263.8563466301561 0.061345637624122075 10.390786784827126 0.04923495037152783 122.37680334662024 0.14380551430317076 26.335117758754254 0.07783909945215324
D1568_8_28_19_overnight_stability_045 264.361847655691 0.060519793196660766 10.114369960629263 0.044421558973419574 127.29981303791773 0.16810914832909035 29.12793620004945 0.09535043378863013
D1568_8_28_19_overnight_stability_046 262.97797633172274 0.048552105549509145 9.265671804687845 0.046284065654014175 122.8182031811795 0.13751474657005494 28.49835520440293 0.09894702892527489
D1568_8_28_19_overnight_stability_047 264.0156848287624 0.057546620847439556 10.370767380555288 0.051073412454063626 125.70662305104194 0.15938446522214475 30.00685338607712 0.15260183282408807
D1568_8_28_19_overnight_stability_048 262.3632304374756 0.062150178496051485 10.452539456388001 0.04729893276879591 120.54259777101092 0.15869828609296555 28.268598731639933 0.09824592714476743
D1568_8_28_19_overnight_stability_049 263.15640594854904 0.059350643151906406 10.689110371881917 0.05315807887642982 122.94528943132399 0.14940288640895394 29.5701793425896 0.319933808863358
D1568_8_28_19_overnight_stability_050 263.60653209168856 0.06185799450421365 9.957558417819145 0.04635681940164141 120.17688118717639 0.14361067638916783 28.775869107483448 0.07722016508152092
D1568_8_28_19_overnight_stability_051 263.71127683848266 0.07416717910102544 10.337902327781446 0.051183688542702645 124.48995475020446 0.1747343224400272 29.073612907633912 0.10367309983531
D1568_8_28_19_overnight_stability_052 264.3939792331333 0.0640451748162237 11.089155200474803 0.0546867000686665 122.29565098050972 0.15513838234950703 30.270442844669358 0.12327854537395332
D1568_8_28_19_overnight_stability_053 263.2123814395817 0.05930116001444306 10.816353144488323 0.05558545029157587 127.56728652346318 0.17128088907786979 27.127823868089504 0.10692376907977445
D1568_8_28_19_overnight_stability_054 264.9291817937683 0.07450446830609861 11.11519315097019 0.05565785541807926 124.21999274975134 0.13732263048180285 30.04038101775714 0.09780235985127383
D1568_8_28_19_overnight_stability_055 264.7080430085112 0.07703877704285983 11.468520300502046 0.06089029534105361 129.8051991128526 0.1756657137797136 30.38939943380192 0.10315472413743627
